1 1
2 1
3 1
4 1
5 1
6 1
7 2
8 2
9 2
10 2
11 2
12 2
13 2
14 2
15 2
16 2
17 2
18 2
19 2
20 2
21 2
22 2
23 2
24 2
25 2
26 2
27 2
28 2
29 2
30 2
31 2
32 2
33 2
34 2
35 2
36 2
37 2
38 2
39 2
40 2
41 2
42 2
43 2
44 2
45 2
46 2
47 2
48 2
49 2
50 2
51 2
52 2
53 2
54 2
55 2
56 2
57 2
58 2
59 2
60 2
61 2
62 2
63 2
64 2
65 2
66 2
67 2
68 2
69 2
70 2
71 2
72 2
73 2
74 2
75 2
76 2
77 2
78 2
79 2
80 2
81 2
82 2
83 2
84 2
85 2
86 2
87 2
88 2
89 2
90 2
91 2
92 2
93 2
94 2
95 2
96 2
97 2
98 2
99 2
100 2
101 2
102 2
103 2
104 2
105 2
106 2
107 2
108 2
109 2
110 2
111 2
112 2
113 2
114 2
115 2
116 2
117 2
118 2
119 2
120 2
121 2
122 2
123 2
124 2
125 2
126 2
127 2
128 2
129 2
130 2
131 2
132 2
133 2
134 2
135 2
136 2
137 2
138 2
139 2
140 2
141 2
142 2
143 2
144 2
145 2
146 2
147 2
148 2
149 2
150 2
151 2
152 2
153 2
154 2
155 2
156 2
157 2
158 2
159 2
160 2
161 2
162 2
163 2
164 2
165 2
166 2
167 2
168 2
169 2
170 2
171 2
172 2
173 2
174 2
175 2
176 2
177 2
178 2
179 2
180 2
181 2
182 2
183 2
184 2
185 2
186 2
187 2
188 2
189 2
190 2
191 2
192 2
193 2
194 2
195 2
196 2
197 2
198 2
199 2
200 2
201 2
202 2
203 2
204 2
205 2
206 2
207 2
208 2
209 2
210 2
211 2
212 2
213 2
214 2
215 2
216 2
217 2
218 2
219 2
220 2
221 2
222 2
223 2
224 2
225 2
226 2
227 2
228 2
229 2
230 2
231 2
232 2
233 2
234 2
235 2
236 2
237 2
238 2
239 2
240 2
241 2
242 2
243 2
244 2
245 2
246 2
247 2
248 2
249 2
250 2
251 2
252 2
253 2
254 2
255 2
256 2
257 2
258 2
259 2
260 2
261 2
262 2
263 2
264 2
265 2
266 2
267 2
268 2
269 2
270 2
271 2
272 2
273 2
274 2
275 2
276 2
277 2
278 2
279 2
280 2
281 2
282 2
283 2
284 2
285 2
286 2
287 2
288 2
289 2
290 2
291 2
292 2
293 2
294 2
295 2
296 2
297 2
298 2
299 2
300 2
301 2
302 2
303 2
304 2
305 2
306 2
307 2
308 2
309 2
310 2
311 2
312 2
313 2
314 2
315 2
316 2
317 2
318 2
319 2
320 2
321 2
322 2
323 2
324 2
325 2
326 2
327 2
328 2
329 2
330 2
331 2
332 2
333 2
334 2
335 3
336 3
337 3
338 3
339 3
340 3
341 3
342 3
343 3
344 3
345 3
346 3
347 3
348 3
349 3
350 3
351 3
352 3
353 3
354 3
355 3
356 3
357 3
358 3
359 3
360 3
361 3
362 3
363 3
364 3
365 3
366 3
367 3
368 3
369 3
370 3
371 3
372 3
373 3
374 3
375 3
376 3
377 3
378 3
379 3
380 3
381 3
382 3
383 3
384 3
385 3
386 3
387 3
388 3
389 3
390 3
391 3
392 3
393 3
394 3
395 3
396 3
397 3
398 3
399 3
400 3
401 3
402 3
403 3
404 3
405 3
406 3
407 3
408 3
409 3
410 3
411 3
412 3
413 3
414 3
415 3
416 3
417 3
418 3
419 3
420 3
421 3
422 3
423 3
424 3
425 3
426 3
427 3
428 3
429 3
430 3
431 3
432 3
433 3
434 3
435 3
436 3
437 3
438 3
439 3
440 3
441 3
442 3
443 3
444 3
445 3
446 3
447 3
448 3
449 3
450 3
451 3
452 3
453 3
454 3
455 3
456 3
457 3
458 3
459 3
460 3
461 3
462 3
463 3
464 3
465 3
466 3
467 3
468 3
469 3
470 3
471 3
472 3
473 3
474 3
475 3
476 3
477 3
478 3
479 3
480 3
481 3
482 3
483 3
484 3
485 3
486 3
487 3
488 3
489 3
490 3
491 3
492 3
493 3
494 3
495 3
496 3
497 3
498 3
499 3
500 3
501 3
502 3
503 3
504 3
505 3
506 3
507 3
508 3
509 3
510 3
511 3
512 3
513 3
514 3
515 3
516 3
517 3
518 3
519 3
520 3
521 3
522 3
523 3
524 3
525 3
526 3
527 3
528 3
529 3
530 3
531 3
532 3
533 3
534 3
535 3
536 3
537 3
538 3
539 3
540 3
541 3
542 3
543 3
544 3
545 3
546 3
547 3
548 3
549 3
550 3
551 3
552 3
553 3
554 3
555 3
556 3
557 3
558 3
559 3
560 3
561 3
562 3
563 3
564 3
565 3
566 3
567 3
568 3
569 3
570 3
571 3
572 3
573 3
574 3
575 3
576 3
577 3
578 3
579 3
580 3
581 3
582 3
583 3
584 3
585 3
586 3
587 3
588 3
589 3
590 3
591 3
592 3
593 3
594 3
595 3
596 3
597 3
598 3
599 3
600 3
601 3
602 3
603 3
604 3
605 3
606 3
607 3
608 3
609 3
610 3
611 3
612 3
613 3
614 3
615 3
616 3
617 3
618 3
619 3
620 3
621 3
622 3
623 3
624 3
625 3
626 3
627 3
628 3
629 3
630 3
631 3
632 3
633 3
634 3
635 3
636 3
637 3
638 3
639 3
640 3
641 3
642 3
643 3
644 3
645 3
646 3
647 3
648 3
649 3
650 3
651 3
652 3
653 3
654 3
655 3
656 3
657 3
658 3
659 3
660 3
661 3
662 3
663 3
664 3
665 3
666 3
667 3
668 3
669 3
670 3
671 3
672 3
673 4
674 4
675 4
676 4
677 4
678 4
679 4
680 4
681 4
682 4
683 4
684 4
685 4
686 4
687 4
688 4
689 4
690 4
691 4
692 4
693 4
694 4
695 4
696 4
697 4
698 4
699 4
700 4
701 4
702 4
703 4
704 4
705 4
706 4
707 4
708 4
709 4
710 4
711 4
712 4
713 4
714 4
715 4
716 4
717 4
718 4
719 4
720 4
721 4
722 4
723 4
724 4
725 4
726 4
727 4
728 4
729 4
730 4
731 4
732 4
733 4
734 4
735 4
736 4
737 4
738 4
739 4
740 4
741 4
742 4
743 4
744 4
745 4
746 4
747 4
748 4
749 4
750 4
751 4
752 4
753 4
754 4
755 4
756 4
757 4
758 4
759 4
760 4
761 4
762 4
763 4
764 4
765 4
766 4
767 4
768 4
769 4
770 4
771 4
772 4
773 4
774 4
775 4
776 4
777 4
778 4
779 4
780 4
781 4
782 4
783 4
784 4
785 4
786 4
787 4
788 4
789 4
790 4
791 4
792 4
793 4
794 4
795 4
796 4
797 4
798 4
799 4
800 4
801 4
802 4
803 4
804 4
805 4
806 4
807 4
808 4
809 4
810 4
811 4
812 4
813 4
814 4
815 4
816 4
817 4
818 4
819 4
820 4
821 4
822 4
823 4
824 4
825 4
826 4
827 4
828 4
829 4
830 4
831 4
832 4
833 4
834 4
835 4
836 4
837 4
838 4
839 4
840 4
841 4
842 4
843 4
844 4
845 4
846 4
847 4
848 4
849 4
850 4
851 4
852 4
853 4
854 4
855 4
856 4
857 4
858 4
859 4
860 4
861 4
862 4
863 4
864 4
865 4
866 4
867 4
868 4
869 4
870 4
871 4
872 4
873 4
874 4
875 4
876 4
877 4
878 4
879 4
880 4
881 4
882 4
883 4
884 4
885 4
886 4
887 4
888 4
889 4
890 4
891 4
892 4
893 4
894 4
895 4
896 4
897 4
898 4
899 4
900 4
901 4
902 4
903 4
904 4
905 4
906 4
907 4
908 4
909 4
910 4
911 4
912 4
913 4
914 4
915 4
916 4
917 4
918 4
919 4
920 4
921 4
922 4
923 4
924 4
925 4
926 4
927 4
928 4
929 4
930 4
931 4
932 4
933 4
934 4
935 4
936 4
937 4
938 4
939 4
940 4
941 4
942 4
943 4
944 4
945 4
946 4
947 4
948 4
949 4
950 4
951 4
952 4
953 4
954 4
955 4
956 4
957 4
958 4
959 4
960 4
961 4
962 4
963 4
964 4
965 5
966 5
967 5
968 5
969 5
970 5
971 5
972 5
973 5
974 5
975 5
976 5
977 5
978 5
979 5
980 5
981 5
982 5
983 5
984 5
985 5
986 5
987 5
988 5
989 5
990 5
991 5
992 5
993 5
994 5
995 5
996 5
997 5
998 5
999 5
1000 5
1001 5
1002 5
1003 5
1004 5
1005 5
1006 5
1007 5
1008 5
1009 5
1010 5
1011 5
1012 5
1013 5
1014 5
1015 5
1016 5
1017 5
1018 5
1019 5
1020 5
1021 5
1022 5
1023 5
1024 5
1025 5
1026 5
1027 5
1028 5
1029 5
1030 5
1031 5
1032 5
1033 5
1034 5
1035 5
1036 5
1037 5
1038 5
1039 5
1040 5
1041 5
1042 5
1043 5
1044 5
1045 5
1046 5
1047 5
1048 5
1049 5
1050 5
1051 5
1052 5
1053 5
1054 5
1055 5
1056 5
1057 5
1058 5
1059 5
1060 5
1061 5
1062 5
1063 5
1064 5
1065 5
1066 5
1067 5
1068 5
1069 5
1070 5
1071 5
1072 5
1073 5
1074 5
1075 5
1076 5
1077 5
1078 5
1079 5
1080 5
1081 5
1082 5
1083 5
1084 5
1085 5
1086 5
1087 5
1088 5
1089 5
1090 5
1091 5
1092 5
1093 5
1094 5
1095 5
1096 5
1097 5
1098 5
1099 5
1100 5
1101 5
1102 5
1103 5
1104 5
1105 5
1106 5
1107 5
1108 5
1109 5
1110 5
1111 5
1112 5
1113 5
1114 5
1115 5
1116 5
1117 5
1118 5
1119 5
1120 5
1121 5
1122 5
1123 5
1124 5
1125 5
1126 5
1127 5
1128 5
1129 5
1130 5
1131 5
1132 5
1133 5
1134 5
1135 5
1136 5
1137 5
1138 5
1139 5
1140 5
1141 5
1142 5
1143 5
1144 5
1145 5
1146 5
1147 5
1148 5
1149 5
1150 5
1151 5
1152 5
1153 5
1154 5
1155 5
1156 5
1157 5
1158 5
1159 5
1160 5
1161 5
1162 5
1163 5
1164 5
1165 5
1166 5
1167 5
1168 5
1169 5
1170 5
1171 5
1172 5
1173 5
1174 5
1175 5
1176 5
1177 5
1178 5
1179 5
1180 5
1181 5
1182 5
1183 5
1184 5
1185 5
1186 5
1187 5
1188 5
1189 5
1190 5
1191 5
1192 5
1193 5
1194 5
1195 5
1196 5
1197 5
1198 5
1199 5
1200 5
1201 5
1202 5
1203 5
1204 5
1205 5
1206 5
1207 5
1208 5
1209 5
1210 5
1211 5
1212 5
1213 5
1214 5
1215 5
1216 5
1217 5
1218 5
1219 5
1220 5
1221 5
1222 5
1223 5
1224 5
1225 5
1226 5
1227 5
1228 5
1229 5
1230 5
1231 5
1232 5
1233 5
1234 5
1235 5
1236 5
1237 5
1238 5
1239 5
1240 5
1241 5
1242 5
1243 5
1244 5
1245 5
1246 5
1247 5
1248 5
1249 5
1250 5
1251 5
1252 5
1253 5
1254 5
1255 5
1256 5
1257 5
1258 5
1259 5
1260 5
1261 5
1262 5
1263 5
1264 5
1265 5
1266 5
1267 5
1268 5
1269 5
1270 5
1271 5
1272 5
1273 5
1274 5
1275 5
1276 5
1277 5
1278 5
1279 5
1280 5
1281 5
1282 5
1283 5
1284 5
1285 5
1286 5
1287 5
1288 5
1289 5
1290 5
1291 5
1292 5
1293 5
1294 5
1295 5
1296 5
1297 5
1298 5
1299 5
1300 5
1301 5
1302 5
1303 5
1304 5
1305 5
1306 5
1307 5
1308 5
1309 5
1310 5
1311 5
1312 5
1313 5
1314 5
1315 5
1316 5
1317 5
1318 5
1319 5
1320 5
1321 5
1322 5
1323 6
1324 6
1325 6
1326 6
1327 6
1328 6
1329 6
1330 6
1331 6
1332 6
1333 6
1334 6
1335 6
1336 6
1337 6
1338 6
1339 6
1340 6
1341 6
1342 6
1343 6
1344 6
1345 6
1346 6
1347 6
1348 6
1349 6
1350 6
1351 6
1352 6
1353 6
1354 6
1355 6
1356 6
1357 6
1358 6
1359 6
1360 6
1361 6
1362 6
1363 6
1364 6
1365 6
1366 6
1367 6
1368 6
1369 6
1370 6
1371 6
1372 6
1373 6
1374 6
1375 6
1376 6
1377 6
1378 6
1379 6
1380 6
1381 6
1382 6
1383 6
1384 6
1385 6
1386 6
1387 6
1388 6
1389 6
1390 6
1391 6
1392 6
1393 6
1394 6
1395 6
1396 6
1397 6
1398 6
1399 6
1400 6
1401 6
1402 6
1403 6
1404 6
1405 6
1406 6
1407 6
1408 6
1409 6
1410 6
1411 6
1412 6
1413 6
1414 6
1415 6
1416 6
1417 6
1418 6
1419 6
1420 6
1421 6
1422 6
1423 6
1424 6
1425 6
1426 6
1427 6
1428 6
1429 6
1430 6
1431 6
1432 6
1433 6
1434 6
1435 6
1436 6
1437 6
1438 6
1439 6
1440 6
1441 6
1442 6
1443 6
1444 6
1445 6
1446 6
1447 6
1448 6
1449 6
1450 6
1451 6
1452 6
1453 6
1454 6
1455 6
1456 6
1457 6
1458 6
1459 6
1460 6
1461 6
1462 6
1463 6
1464 6
1465 6
1466 6
1467 6
1468 6
1469 6
1470 6
1471 6
1472 6
1473 6
1474 6
1475 6
1476 6
1477 6
1478 6
1479 6
1480 6
1481 6
1482 6
1483 6
1484 6
1485 6
1486 6
1487 6
1488 6
1489 6
1490 6
1491 6
1492 6
1493 6
1494 6
1495 6
1496 6
1497 6
1498 6
1499 7
1500 7
1501 7
1502 7
1503 7
1504 7
1505 7
1506 7
1507 7
1508 7
1509 7
1510 7
1511 7
1512 7
1513 7
1514 7
1515 7
1516 7
1517 7
1518 7
1519 7
1520 7
1521 7
1522 7
1523 7
1524 7
1525 7
1526 7
1527 7
1528 7
1529 7
1530 7
1531 7
1532 7
1533 7
1534 7
1535 7
1536 7
1537 7
1538 7
1539 7
1540 7
1541 7
1542 7
1543 7
1544 7
1545 7
1546 7
1547 7
1548 7
1549 7
1550 7
1551 7
1552 7
1553 7
1554 7
1555 7
1556 7
1557 7
1558 7
1559 7
1560 7
1561 7
1562 7
1563 7
1564 7
1565 7
1566 7
1567 7
1568 7
1569 7
1570 7
1571 7
1572 7
1573 7
1574 7
1575 7
1576 7
1577 7
1578 7
1579 7
1580 7
1581 7
1582 7
1583 7
1584 7
1585 7
1586 7
1587 7
1588 7
1589 7
1590 7
1591 7
1592 7
1593 7
1594 7
1595 7
1596 7
1597 7
1598 7
1599 7
1600 7
1601 7
1602 7
1603 7
1604 7
1605 7
1606 7
1607 7
1608 7
1609 7
1610 7
1611 7
1612 7
1613 7
1614 7
1615 7
1616 7
1617 7
1618 7
1619 7
1620 7
1621 7
1622 7
1623 7
1624 7
1625 7
1626 7
1627 7
1628 7
1629 7
1630 7
1631 7
1632 7
1633 7
1634 7
1635 7
1636 7
1637 7
1638 7
1639 7
1640 7
1641 7
1642 7
1643 7
1644 7
1645 7
1646 7
1647 7
1648 7
1649 7
1650 7
1651 7
1652 7
1653 7
1654 7
1655 7
1656 7
1657 7
1658 7
1659 7
1660 7
1661 7
1662 7
1663 7
1664 7
1665 7
1666 7
1667 7
1668 7
1669 7
1670 7
1671 7
1672 7
1673 7
1674 7
1675 7
1676 7
1677 7
1678 7
1679 7
1680 7
1681 7
1682 7
1683 7
1684 7
1685 7
1686 7
1687 7
1688 7
1689 7
1690 7
1691 7
1692 7
1693 7
1694 7
1695 7
1696 7
1697 7
1698 7
1699 7
1700 7
1701 7
1702 7
1703 7
1704 7
1705 7
1706 7
1707 7
1708 7
1709 7
1710 7
1711 7
1712 7
1713 7
1714 7
1715 7
1716 7
1717 7
1718 7
1719 7
1720 7
1721 7
1722 7
1723 7
1724 7
1725 7
1726 7
1727 7
1728 7
1729 7
1730 7
1731 7
1732 7
1733 7
1734 7
1735 7
1736 7
1737 7
1738 7
1739 7
1740 7
1741 7
1742 7
1743 7
1744 7
1745 7
1746 7
1747 7
1748 7
1749 7
1750 7
1751 7
1752 7
1753 7
1754 7
1755 7
1756 7
1757 7
1758 7
1759 7
1760 7
1761 7
1762 7
1763 7
1764 7
1765 7
1766 7
1767 7
1768 7
1769 7
1770 7
1771 7
1772 7
1773 7
1774 7
1775 7
1776 7
1777 7
1778 7
1779 7
1780 7
1781 7
1782 7
1783 7
1784 7
1785 7
1786 7
1787 7
1788 7
1789 7
1790 7
1791 7
1792 7
1793 7
1794 7
1795 7
1796 7
1797 7
1798 7
1799 7
1800 7
1801 7
1802 7
1803 7
1804 7
1805 7
1806 7
1807 7
1808 7
1809 7
1810 7
1811 7
1812 7
1813 7
1814 7
1815 7
1816 7
1817 7
1818 7
1819 7
1820 7
1821 7
1822 7
1823 7
1824 7
1825 7
1826 7
1827 7
1828 7
1829 7
1830 7
1831 7
1832 7
1833 7
1834 7
1835 8
1836 8
1837 8
1838 8
1839 8
1840 8
1841 8
1842 8
1843 8
1844 8
1845 8
1846 8
1847 8
1848 8
1849 8
1850 8
1851 8
1852 8
1853 8
1854 8
1855 8
1856 8
1857 8
1858 8
1859 8
1860 8
1861 8
1862 8
1863 8
1864 8
1865 8
1866 8
1867 8
1868 8
1869 8
1870 8
1871 8
1872 8
1873 8
1874 8
1875 8
1876 8
1877 8
1878 8
1879 8
1880 8
1881 8
1882 8
1883 8
1884 8
1885 8
1886 8
1887 8
1888 8
1889 8
1890 8
1891 8
1892 8
1893 8
1894 8
1895 8
1896 8
1897 8
1898 8
1899 8
1900 8
1901 8
1902 8
1903 8
1904 8
1905 8
1906 8
1907 8
1908 8
1909 8
1910 8
1911 8
1912 8
1913 8
1914 8
1915 8
1916 8
1917 8
1918 8
1919 8
1920 8
1921 8
1922 8
1923 8
1924 8
1925 8
1926 8
1927 8
1928 8
1929 8
1930 8
1931 8
1932 8
1933 8
1934 8
1935 8
1936 8
1937 8
1938 8
1939 8
1940 8
1941 8
1942 8
1943 8
1944 8
1945 8
1946 8
1947 8
1948 8
1949 8
1950 8
1951 8
1952 8
1953 8
1954 8
1955 8
1956 8
1957 8
1958 8
1959 8
1960 8
1961 8
1962 8
1963 8
1964 8
1965 8
1966 8
1967 8
1968 8
1969 8
1970 8
1971 8
1972 8
1973 8
1974 8
1975 8
1976 8
1977 8
1978 8
1979 8
1980 8
1981 8
1982 8
1983 8
1984 8
1985 8
1986 8
1987 8
1988 8
1989 8
1990 8
1991 8
1992 8
1993 8
1994 8
1995 8
1996 8
1997 8
1998 8
1999 8
2000 8
2001 8
2002 8
2003 8
2004 8
2005 8
2006 8
2007 8
2008 8
2009 8
2010 8
2011 8
2012 8
2013 8
2014 8
2015 8
2016 8
2017 8
2018 8
2019 8
2020 8
2021 8
2022 8
2023 8
2024 8
2025 8
2026 8
2027 8
2028 8
2029 8
2030 8
2031 8
2032 8
2033 8
2034 8
2035 8
2036 8
2037 8
2038 8
2039 8
2040 8
2041 8
2042 8
2043 8
2044 8
2045 8
2046 8
2047 8
2048 8
2049 8
2050 8
2051 8
2052 8
2053 8
2054 8
2055 8
2056 8
2057 8
2058 8
2059 8
2060 8
2061 8
2062 8
2063 8
2064 8
2065 8
2066 8
2067 8
2068 8
2069 8
2070 8
2071 8
2072 8
2073 8
2074 8
2075 8
2076 8
2077 8
2078 8
2079 8
2080 8
2081 8
2082 8
2083 8
2084 8
2085 8
2086 8
2087 8
2088 8
2089 8
2090 8
2091 8
2092 8
2093 8
2094 8
2095 8
2096 8
2097 8
2098 8
2099 8
2100 8
2101 8
2102 8
2103 8
2104 8
2105 8
2106 8
2107 8
2108 8
2109 8
2110 8
2111 8
2112 8
2113 8
2114 8
2115 8
2116 8
2117 8
2118 8
2119 8
2120 8
2121 8
2122 8
2123 8
2124 8
2125 8
2126 8
2127 8
2128 8
2129 8
2130 8
2131 8
2132 8
2133 8
2134 8
2135 8
2136 8
2137 8
2138 8
2139 8
2140 8
2141 8
2142 8
2143 8
2144 8
2145 8
2146 8
2147 8
2148 8
2149 8
2150 8
2151 8
2152 8
2153 8
2154 8
2155 8
2156 8
2157 8
2158 8
2159 8
2160 8
2161 8
2162 8
2163 8
2164 8
2165 8
2166 8
2167 8
2168 8
2169 8
2170 8
2171 8
2172 8
2173 8
2174 8
2175 8
2176 8
2177 8
2178 8
2179 8
2180 8
2181 8
2182 8
2183 8
2184 8
2185 8
2186 8
2187 8
2188 8
2189 8
2190 8
2191 8
2192 8
2193 8
2194 8
2195 8
2196 8
2197 8
2198 8
2199 8
2200 8
2201 8
2202 8
2203 8
2204 8
2205 8
2206 8
2207 8
2208 8
2209 8
2210 8
2211 8
2212 8
2213 8
2214 8
2215 8
2216 8
2217 9
2218 9
2219 9
2220 9
2221 9
2222 9
2223 9
2224 9
2225 9
2226 9
2227 9
2228 9
2229 9
2230 9
2231 9
2232 9
2233 9
2234 9
2235 9
2236 9
2237 9
2238 9
2239 9
2240 9
2241 9
2242 9
2243 9
2244 9
2245 9
2246 9
2247 9
2248 9
2249 9
2250 9
2251 9
2252 9
2253 9
2254 9
2255 9
2256 9
2257 9
2258 9
2259 9
2260 9
2261 9
2262 9
2263 9
2264 9
2265 9
2266 9
2267 9
2268 9
2269 9
2270 9
2271 9
2272 9
2273 9
2274 9
2275 9
2276 9
2277 9
2278 9
2279 9
2280 9
2281 9
2282 9
2283 9
2284 9
2285 9
2286 9
2287 9
2288 9
2289 9
2290 9
2291 9
2292 9
2293 9
2294 9
2295 9
2296 9
2297 9
2298 9
2299 9
2300 9
2301 9
2302 9
2303 9
2304 9
2305 9
2306 9
2307 9
2308 9
2309 9
2310 9
2311 9
2312 9
2313 9
2314 9
2315 9
2316 9
2317 9
2318 9
2319 9
2320 9
2321 9
2322 9
2323 9
2324 9
2325 9
2326 9
2327 9
2328 9
2329 9
2330 9
2331 9
2332 9
2333 9
2334 9
2335 10
2336 10
2337 10
2338 10
2339 10
2340 10
2341 10
2342 10
2343 10
2344 10
2345 10
2346 10
2347 10
2348 10
2349 10
2350 10
2351 10
2352 10
2353 10
2354 10
2355 10
2356 10
2357 10
2358 10
2359 10
2360 10
2361 10
2362 10
2363 10
2364 10
2365 10
2366 10
2367 10
2368 10
2369 10
2370 10
2371 10
2372 10
2373 10
2374 10
2375 10
2376 10
2377 10
2378 10
2379 10
2380 10
2381 10
2382 10
2383 10
2384 10
2385 10
2386 10
2387 10
2388 10
2389 10
2390 10
2391 10
2392 10
2393 10
2394 10
2395 10
2396 10
2397 10
2398 10
2399 11
2400 11
2401 11
2402 11
2403 11
2404 11
2405 11
2406 11
2407 11
2408 11
2409 11
2410 11
2411 11
2412 11
2413 11
2414 11
2415 11
2416 11
2417 11
2418 11
2419 11
2420 11
2421 11
2422 11
2423 11
2424 11
2425 11
2426 11
2427 11
2428 11
2429 11
2430 11
2431 11
2432 11
2433 11
2434 11
2435 11
2436 11
2437 11
2438 11
2439 11
2440 11
2441 11
2442 11
2443 11
2444 11
2445 11
2446 11
2447 11
2448 11
2449 11
2450 11
2451 11
2452 11
2453 11
2454 11
2455 11
2456 11
2457 11
2458 11
2459 11
2460 11
2461 11
2462 11
2463 11
2464 11
2465 11
2466 11
2467 11
2468 11
2469 11
2470 11
2471 11
2472 11
2473 11
2474 11
2475 11
2476 11
2477 11
2478 11
2479 11
2480 11
2481 11
2482 11
2483 11
2484 11
2485 11
2486 11
2487 11
2488 11
2489 11
2490 11
2491 11
2492 11
2493 11
2494 11
2495 11
2496 11
2497 11
2498 11
2499 11
2500 11
2501 11
2502 11
2503 11
2504 11
2505 11
2506 11
2507 11
2508 11
2509 11
2510 11
2511 11
2512 11
2513 11
2514 11
2515 11
2516 11
2517 11
2518 11
2519 11
2520 11
2521 11
2522 11
2523 11
2524 11
2525 11
2526 11
2527 11
2528 11
2529 11
2530 11
2531 11
2532 11
2533 11
2534 11
2535 11
2536 11
2537 11
2538 11
2539 11
2540 11
2541 11
2542 11
2543 11
2544 11
2545 11
2546 11
2547 11
2548 11
2549 11
2550 11
2551 11
2552 11
2553 11
2554 11
2555 11
2556 11
2557 11
2558 11
2559 11
2560 11
2561 11
2562 11
2563 11
2564 11
2565 11
2566 11
2567 11
2568 11
2569 11
2570 11
2571 11
2572 11
2573 11
2574 11
2575 11
2576 11
2577 11
2578 11
2579 11
2580 11
2581 11
2582 11
2583 11
2584 11
2585 11
2586 11
2587 11
2588 11
2589 11
2590 11
2591 11
2592 11
2593 11
2594 11
2595 11
2596 11
2597 11
2598 11
2599 11
2600 11
2601 11
2602 11
2603 11
2604 11
2605 11
2606 11
2607 11
2608 11
2609 11
2610 11
2611 11
2612 11
2613 11
2614 11
2615 11
2616 11
2617 11
2618 11
2619 11
2620 11
2621 11
2622 11
2623 11
2624 11
2625 11
2626 11
2627 11
2628 11
2629 11
2630 11
2631 11
2632 11
2633 11
2634 11
2635 11
2636 11
2637 11
2638 11
2639 11
2640 11
2641 11
2642 11
2643 11
2644 11
2645 11
2646 11
2647 11
2648 11
2649 11
2650 11
2651 11
2652 11
2653 11
2654 11
2655 11
2656 11
2657 11
2658 11
2659 11
2660 11
2661 11
2662 11
2663 11
2664 11
2665 11
2666 11
2667 11
2668 11
2669 11
2670 11
2671 11
2672 11
2673 11
2674 11
2675 11
2676 11
2677 11
2678 11
2679 11
2680 11
2681 11
2682 11
2683 11
2684 11
2685 11
2686 11
2687 11
2688 11
2689 11
2690 11
2691 11
2692 11
2693 11
2694 11
2695 11
2696 11
2697 11
2698 11
2699 11
2700 11
2701 11
2702 11
2703 11
2704 11
2705 11
2706 11
2707 11
2708 11
2709 11
2710 11
2711 11
2712 11
2713 11
2714 11
2715 11
2716 11
2717 11
2718 11
2719 11
2720 11
2721 11
2722 11
2723 11
2724 11
2725 11
2726 11
2727 11
2728 11
2729 11
2730 11
2731 11
2732 11
2733 11
2734 11
2735 11
2736 11
2737 11
2738 11
2739 11
2740 11
2741 11
2742 11
2743 11
2744 11
2745 11
2746 11
2747 11
2748 11
2749 11
2750 11
2751 11
2752 11
2753 11
2754 11
2755 11
2756 11
2757 11
2758 11
2759 11
2760 11
2761 11
2762 11
2763 11
2764 11
2765 11
2766 11
2767 11
2768 11
2769 11
2770 11
2771 11
2772 11
2773 11
2774 11
2775 11
2776 11
2777 11
2778 11
2779 11
2780 11
2781 11
2782 11
2783 11
2784 11
2785 11
2786 11
2787 11
2788 11
2789 11
2790 11
2791 11
2792 11
2793 11
2794 11
2795 11
2796 11
2797 11
2798 11
2799 11
2800 11
2801 11
2802 11
2803 11
2804 11
2805 11
2806 11
2807 11
2808 11
2809 11
2810 11
2811 11
2812 11
2813 11
2814 11
2815 11
2816 11
2817 11
2818 11
2819 11
2820 11
2821 11
2822 11
2823 11
2824 11
2825 11
2826 11
2827 11
2828 11
2829 11
2830 11
2831 11
2832 11
2833 11
2834 11
2835 11
2836 11
2837 11
2838 11
2839 11
2840 11
2841 11
2842 11
2843 11
2844 11
2845 11
2846 11
2847 11
2848 11
2849 11
2850 11
2851 11
2852 11
2853 11
2854 11
2855 11
2856 11
2857 11
2858 11
2859 11
2860 11
2861 11
2862 11
2863 12
2864 12
2865 12
2866 12
2867 12
2868 12
2869 12
2870 12
2871 12
2872 12
2873 12
2874 12
2875 12
2876 12
2877 12
2878 12
2879 12
2880 12
2881 12
2882 12
2883 12
2884 12
2885 12
2886 12
2887 12
2888 12
2889 12
2890 12
2891 12
2892 12
2893 12
2894 12
2895 12
2896 12
2897 12
2898 12
2899 12
2900 12
2901 12
2902 12
2903 12
2904 12
2905 12
2906 12
2907 12
2908 12
2909 12
2910 12
2911 12
2912 12
2913 12
2914 12
2915 12
2916 12
2917 12
2918 12
2919 12
2920 12
2921 12
2922 12
2923 12
2924 12
2925 12
2926 12
2927 12
2928 12
2929 12
2930 12
2931 12
2932 12
2933 12
2934 12
2935 12
2936 12
2937 12
2938 12
2939 12
2940 12
2941 12
2942 12
2943 12
2944 12
2945 12
2946 12
2947 12
2948 12
2949 12
2950 12
2951 12
2952 12
2953 12
2954 12
2955 12
2956 12
2957 12
2958 12
2959 12
2960 12
2961 12
2962 12
2963 12
2964 12
2965 12
2966 12
2967 12
2968 12
2969 12
2970 12
2971 12
2972 12
2973 12
2974 12
2975 12
2976 12
2977 12
2978 12
2979 12
2980 12
2981 12
2982 12
2983 12
2984 12
2985 12
2986 12
2987 13
2988 13
2989 13
2990 13
2991 13
2992 13
2993 13
2994 13
2995 13
2996 13
2997 13
2998 13
2999 13
3000 13
3001 13
3002 13
3003 13
3004 13
3005 13
3006 13
3007 13
3008 13
3009 13
3010 13
3011 13
3012 13
3013 13
3014 13
3015 13
3016 13
3017 13
3018 13
3019 13
3020 13
3021 13
3022 13
3023 13
3024 13
3025 13
3026 13
3027 13
3028 13
3029 13
3030 13
3031 13
3032 13
3033 13
3034 13
3035 13
3036 13
3037 13
3038 13
3039 13
3040 13
3041 13
3042 13
3043 13
3044 13
3045 13
3046 13
3047 13
3048 13
3049 13
3050 13
3051 13
3052 13
3053 13
3054 13
3055 13
3056 13
3057 13
3058 13
3059 13
3060 13
3061 13
3062 13
3063 13
3064 13
3065 13
3066 13
3067 13
3068 13
3069 13
3070 13
3071 13
3072 13
3073 13
3074 13
3075 13
3076 13
3077 13
3078 13
3079 13
3080 13
3081 13
3082 13
3083 13
3084 13
3085 13
3086 13
3087 13
3088 13
3089 13
3090 13
3091 13
3092 13
3093 13
3094 13
3095 13
3096 13
3097 13
3098 13
3099 13
3100 13
3101 13
3102 13
3103 13
3104 13
3105 13
3106 13
3107 13
3108 13
3109 13
3110 13
3111 13
3112 13
3113 13
3114 13
3115 14
3116 14
3117 14
3118 14
3119 14
3120 14
3121 14
3122 14
3123 14
3124 14
3125 14
3126 14
3127 14
3128 14
3129 14
3130 14
3131 14
3132 14
3133 14
3134 14
3135 14
3136 14
3137 14
3138 14
3139 14
3140 14
3141 14
3142 14
3143 14
3144 14
3145 14
3146 14
3147 14
3148 14
3149 14
3150 14
3151 14
3152 14
3153 14
3154 14
3155 14
3156 14
3157 14
3158 14
3159 14
3160 14
3161 14
3162 14
3163 14
3164 14
3165 14
3166 14
3167 14
3168 14
3169 14
3170 14
3171 14
3172 14
3173 14
3174 14
3175 14
3176 14
3177 14
3178 14
3179 14
3180 14
3181 14
3182 14
3183 14
3184 14
3185 14
3186 14
3187 14
3188 14
3189 14
3190 14
3191 14
3192 14
3193 14
3194 14
3195 14
3196 14
3197 14
3198 14
3199 14
3200 14
3201 14
3202 14
3203 14
3204 14
3205 14
3206 14
3207 14
3208 14
3209 14
3210 14
3211 14
3212 14
3213 14
3214 14
3215 14
3216 14
3217 14
3218 14
3219 15
3220 15
3221 15
3222 15
3223 15
3224 15
3225 15
3226 15
3227 15
3228 15
3229 15
3230 15
3231 15
3232 15
3233 15
3234 15
3235 15
3236 15
3237 15
3238 15
3239 15
3240 15
3241 15
3242 15
3243 15
3244 15
3245 15
3246 15
3247 15
3248 15
3249 15
3250 15
3251 15
3252 15
3253 15
3254 15
3255 15
3256 15
3257 15
3258 15
3259 15
3260 15
3261 15
3262 15
3263 15
3264 15
3265 15
3266 15
3267 15
3268 15
3269 15
3270 15
3271 15
3272 15
3273 15
3274 15
3275 15
3276 15
3277 15
3278 15
3279 15
3280 15
3281 15
3282 15
3283 15
3284 15
3285 15
3286 15
3287 15
3288 15
3289 15
3290 15
3291 15
3292 15
3293 15
3294 15
3295 15
3296 15
3297 15
3298 15
3299 15
3300 15
3301 15
3302 15
3303 15
3304 15
3305 15
3306 15
3307 15
3308 15
3309 15
3310 15
3311 15
3312 15
3313 15
3314 15
3315 15
3316 15
3317 15
3318 15
3319 15
3320 15
3321 15
3322 15
3323 15
3324 15
3325 15
3326 15
3327 15
3328 15
3329 15
3330 15
3331 15
3332 15
3333 15
3334 15
3335 15
3336 15
3337 15
3338 15
3339 15
3340 15
3341 15
3342 15
3343 15
3344 15
3345 15
3346 15
3347 15
3348 15
3349 15
3350 15
3351 15
3352 15
3353 15
3354 15
3355 15
3356 15
3357 15
3358 15
3359 15
3360 15
3361 15
3362 15
3363 15
3364 15
3365 15
3366 15
3367 15
3368 15
3369 15
3370 15
3371 15
3372 15
3373 15
3374 15
3375 15
3376 15
3377 15
3378 15
3379 15
3380 15
3381 15
3382 15
3383 15
3384 15
3385 15
3386 15
3387 15
3388 15
3389 15
3390 15
3391 15
3392 15
3393 15
3394 15
3395 15
3396 15
3397 15
3398 15
3399 15
3400 15
3401 15
3402 15
3403 15
3404 15
3405 15
3406 15
3407 15
3408 15
3409 15
3410 15
3411 15
3412 15
3413 15
3414 15
3415 15
3416 15
3417 15
3418 15
3419 15
3420 15
3421 15
3422 15
3423 15
3424 15
3425 15
3426 15
3427 15
3428 15
3429 15
3430 15
3431 15
3432 15
3433 15
3434 15
3435 15
3436 15
3437 15
3438 15
3439 15
3440 15
3441 15
3442 15
3443 15
3444 15
3445 15
3446 15
3447 15
3448 15
3449 15
3450 15
3451 15
3452 15
3453 15
3454 15
3455 15
3456 15
3457 15
3458 15
3459 15
3460 15
3461 15
3462 15
3463 15
3464 15
3465 15
3466 15
3467 15
3468 15
3469 15
3470 15
3471 15
3472 15
3473 15
3474 15
3475 15
3476 15
3477 15
3478 15
3479 15
3480 15
3481 15
3482 15
3483 15
3484 15
3485 15
3486 15
3487 15
3488 15
3489 15
3490 15
3491 15
3492 15
3493 15
3494 15
3495 15
3496 15
3497 15
3498 15
3499 15
3500 15
3501 15
3502 15
3503 15
3504 15
3505 15
3506 15
3507 15
3508 15
3509 15
3510 15
3511 15
3512 15
3513 15
3514 15
3515 15
3516 15
3517 15
3518 15
3519 15
3520 15
3521 15
3522 15
3523 15
3524 15
3525 15
3526 15
3527 15
3528 15
3529 15
3530 15
3531 15
3532 15
3533 15
3534 15
3535 15
3536 15
3537 15
3538 15
3539 15
3540 15
3541 15
3542 15
3543 15
3544 15
3545 15
3546 15
3547 15
3548 15
3549 15
3550 15
3551 15
3552 15
3553 15
3554 15
3555 15
3556 15
3557 15
3558 15
3559 15
3560 15
3561 15
3562 15
3563 15
3564 15
3565 15
3566 15
3567 15
3568 15
3569 15
3570 15
3571 15
3572 15
3573 15
3574 15
3575 15
3576 15
3577 15
3578 15
3579 15
3580 15
3581 15
3582 15
3583 15
3584 15
3585 15
3586 15
3587 15
3588 15
3589 15
3590 15
3591 15
3592 15
3593 15
3594 15
3595 16
3596 16
3597 16
3598 16
3599 16
3600 16
3601 16
3602 16
3603 16
3604 16
3605 16
3606 16
3607 16
3608 16
3609 16
3610 16
3611 16
3612 16
3613 16
3614 16
3615 16
3616 16
3617 16
3618 16
3619 16
3620 16
3621 16
3622 16
3623 16
3624 16
3625 16
3626 16
3627 16
3628 16
3629 16
3630 16
3631 16
3632 16
3633 16
3634 16
3635 16
3636 16
3637 16
3638 16
3639 16
3640 16
3641 16
3642 16
3643 16
3644 16
3645 16
3646 16
3647 16
3648 16
3649 16
3650 16
3651 16
3652 16
3653 16
3654 16
3655 16
3656 16
3657 16
3658 16
3659 16
3660 16
3661 16
3662 16
3663 16
3664 16
3665 16
3666 16
3667 16
3668 16
3669 16
3670 16
3671 16
3672 16
3673 16
3674 16
3675 16
3676 16
3677 16
3678 16
3679 16
3680 16
3681 16
3682 16
3683 16
3684 16
3685 16
3686 16
3687 16
3688 16
3689 16
3690 16
3691 16
3692 16
3693 16
3694 16
3695 16
3696 16
3697 16
3698 16
3699 16
3700 16
3701 16
3702 16
3703 16
3704 16
3705 16
3706 16
3707 16
3708 16
3709 16
3710 16
3711 16
3712 16
3713 16
3714 16
3715 16
3716 16
3717 16
3718 16
3719 17
3720 17
3721 17
3722 17
3723 17
3724 17
3725 17
3726 17
3727 17
3728 17
3729 17
3730 17
3731 17
3732 17
3733 17
3734 17
3735 17
3736 17
3737 17
3738 17
3739 17
3740 17
3741 17
3742 17
3743 17
3744 17
3745 17
3746 17
3747 17
3748 17
3749 17
3750 17
3751 17
3752 17
3753 17
3754 17
3755 17
3756 17
3757 17
3758 17
3759 17
3760 17
3761 17
3762 17
3763 17
3764 17
3765 17
3766 17
3767 17
3768 17
3769 17
3770 17
3771 17
3772 17
3773 17
3774 17
3775 17
3776 17
3777 17
3778 17
3779 17
3780 17
3781 17
3782 17
3783 17
3784 17
3785 17
3786 17
3787 17
3788 17
3789 17
3790 17
3791 17
3792 17
3793 17
3794 17
3795 17
3796 17
3797 17
3798 17
3799 17
3800 17
3801 17
3802 17
3803 17
3804 17
3805 17
3806 17
3807 18
3808 18
3809 18
3810 18
3811 18
3812 18
3813 18
3814 18
3815 18
3816 18
3817 18
3818 18
3819 18
3820 18
3821 18
3822 18
3823 18
3824 18
3825 18
3826 18
3827 18
3828 18
3829 18
3830 18
3831 18
3832 18
3833 18
3834 18
3835 18
3836 18
3837 18
3838 18
3839 18
3840 18
3841 18
3842 18
3843 18
3844 18
3845 18
3846 18
3847 18
3848 18
3849 18
3850 18
3851 18
3852 18
3853 18
3854 18
3855 18
3856 18
3857 18
3858 18
3859 18
3860 18
3861 18
3862 18
3863 18
3864 18
3865 18
3866 18
3867 18
3868 18
3869 18
3870 18
3871 18
3872 18
3873 18
3874 18
3875 18
3876 18
3877 18
3878 18
3879 18
3880 18
3881 18
3882 18
3883 18
3884 18
3885 18
3886 18
3887 18
3888 18
3889 18
3890 18
3891 18
3892 18
3893 18
3894 18
3895 18
3896 18
3897 18
3898 18
3899 18
3900 18
3901 18
3902 18
3903 18
3904 18
3905 19
3906 19
3907 19
3908 19
3909 19
3910 19
3911 19
3912 19
3913 19
3914 19
3915 19
3916 19
3917 19
3918 19
3919 19
3920 19
3921 19
3922 19
3923 19
3924 19
3925 19
3926 19
3927 19
3928 19
3929 19
3930 19
3931 19
3932 19
3933 19
3934 19
3935 19
3936 19
3937 19
3938 19
3939 19
3940 19
3941 19
3942 19
3943 19
3944 19
3945 19
3946 19
3947 19
3948 19
3949 19
3950 19
3951 19
3952 19
3953 19
3954 19
3955 19
3956 19
3957 19
3958 19
3959 19
3960 19
3961 19
3962 19
3963 19
3964 19
3965 19
3966 19
3967 19
3968 19
3969 19
3970 19
3971 19
3972 19
3973 19
3974 19
3975 19
3976 19
3977 19
3978 19
3979 19
3980 19
3981 19
3982 19
3983 19
3984 19
3985 19
3986 19
3987 19
3988 19
3989 19
3990 19
3991 19
3992 19
3993 19
3994 19
3995 19
3996 19
3997 19
3998 19
3999 19
4000 19
4001 19
4002 19
4003 19
4004 19
4005 19
4006 19
4007 19
4008 19
4009 19
4010 19
4011 19
4012 19
4013 19
4014 19
4015 19
4016 19
4017 19
4018 19
4019 19
4020 19
4021 19
4022 19
4023 19
4024 19
4025 19
4026 19
4027 19
4028 19
4029 19
4030 19
4031 19
4032 19
4033 19
4034 19
4035 19
4036 19
4037 19
4038 19
4039 19
4040 19
4041 19
4042 19
4043 19
4044 19
4045 19
4046 19
4047 19
4048 19
4049 19
4050 19
4051 19
4052 19
4053 19
4054 19
4055 19
4056 19
4057 19
4058 19
4059 19
4060 19
4061 19
4062 19
4063 19
4064 19
4065 19
4066 19
4067 19
4068 19
4069 19
4070 19
4071 19
4072 19
4073 19
4074 19
4075 19
4076 19
4077 19
4078 19
4079 19
4080 19
4081 19
4082 19
4083 19
4084 19
4085 19
4086 19
4087 19
4088 19
4089 19
4090 19
4091 19
4092 19
4093 19
4094 19
4095 19
4096 19
4097 19
4098 19
4099 19
4100 19
4101 19
4102 19
4103 19
4104 19
4105 19
4106 19
4107 19
4108 19
4109 19
4110 19
4111 19
4112 19
4113 19
4114 19
4115 19
4116 19
4117 19
4118 19
4119 19
4120 19
4121 19
4122 19
4123 19
4124 19
4125 19
4126 19
4127 19
4128 19
4129 19
4130 19
4131 19
4132 19
4133 19
4134 19
4135 19
4136 19
4137 19
4138 19
4139 19
4140 19
4141 19
4142 19
4143 19
4144 19
4145 19
4146 19
4147 19
4148 19
4149 19
4150 19
4151 19
4152 19
4153 19
4154 19
4155 19
4156 19
4157 19
4158 19
4159 19
4160 19
4161 19
4162 19
4163 19
4164 19
4165 19
4166 19
4167 19
4168 19
4169 19
4170 19
4171 19
4172 19
4173 19
4174 19
4175 19
4176 19
4177 19
4178 19
4179 19
4180 19
4181 19
4182 19
4183 19
4184 19
4185 19
4186 19
4187 19
4188 19
4189 19
4190 19
4191 19
4192 19
4193 19
4194 19
4195 19
4196 19
4197 19
4198 19
4199 19
4200 19
4201 19
4202 19
4203 19
4204 19
4205 19
4206 19
4207 19
4208 19
4209 19
4210 19
4211 19
4212 19
4213 19
4214 19
4215 19
4216 19
4217 19
4218 19
4219 19
4220 19
4221 19
4222 19
4223 19
4224 19
4225 19
4226 19
4227 19
4228 19
4229 19
4230 19
4231 19
4232 19
4233 19
4234 19
4235 19
4236 19
4237 19
4238 19
4239 19
4240 19
4241 19
4242 19
4243 19
4244 19
4245 19
4246 19
4247 19
4248 19
4249 19
4250 19
4251 19
4252 19
4253 19
4254 19
4255 19
4256 19
4257 19
4258 19
4259 19
4260 19
4261 19
4262 19
4263 19
4264 19
4265 19
4266 19
4267 19
4268 19
4269 19
4270 19
4271 19
4272 19
4273 19
4274 19
4275 19
4276 19
4277 19
4278 19
4279 19
4280 19
4281 19
4282 19
4283 19
4284 19
4285 19
4286 19
4287 19
4288 19
4289 19
4290 19
4291 19
4292 19
4293 19
4294 19
4295 19
4296 19
4297 19
4298 19
4299 19
4300 19
4301 19
4302 19
4303 19
4304 19
4305 19
4306 19
4307 19
4308 19
4309 19
4310 19
4311 19
4312 19
4313 19
4314 19
4315 19
4316 19
4317 19
4318 19
4319 19
4320 19
4321 19
4322 19
4323 19
4324 19
4325 19
4326 19
4327 19
4328 19
4329 19
4330 19
4331 19
4332 19
4333 19
4334 19
4335 19
4336 19
4337 19
4338 19
4339 19
4340 19
4341 19
4342 19
4343 19
4344 19
4345 19
4346 19
4347 19
4348 19
4349 19
4350 19
4351 19
4352 19
4353 19
4354 19
4355 19
4356 19
4357 19
4358 19
4359 19
4360 19
4361 19
4362 19
4363 19
4364 19
4365 19
4366 19
4367 19
4368 19
4369 19
4370 19
4371 19
4372 19
4373 19
4374 19
4375 19
4376 19
4377 19
4378 19
4379 19
4380 19
4381 19
4382 19
4383 19
4384 19
4385 19
4386 19
4387 19
4388 19
4389 19
4390 19
4391 19
4392 19
4393 19
4394 19
4395 19
4396 19
4397 19
4398 19
4399 19
4400 19
4401 19
4402 19
4403 19
4404 19
4405 19
4406 19
4407 19
4408 19
4409 19
4410 19
4411 19
4412 19
4413 19
4414 19
4415 19
4416 19
4417 19
4418 19
4419 19
4420 19
4421 19
4422 19
4423 19
4424 19
4425 19
4426 19
4427 19
4428 19
4429 19
4430 19
4431 19
4432 19
4433 19
4434 19
4435 19
4436 19
4437 19
4438 19
4439 19
4440 19
4441 19
4442 19
4443 19
4444 19
4445 19
4446 19
4447 19
4448 19
4449 19
4450 19
4451 19
4452 19
4453 19
4454 19
4455 19
4456 19
4457 19
4458 19
4459 19
4460 19
4461 19
4462 19
4463 19
4464 19
4465 19
4466 19
4467 19
4468 19
4469 19
4470 19
4471 19
4472 19
4473 19
4474 19
4475 19
4476 19
4477 19
4478 19
4479 19
4480 19
4481 19
4482 19
4483 19
4484 19
4485 19
4486 19
4487 19
4488 19
4489 19
4490 19
4491 19
4492 19
4493 19
4494 19
4495 19
4496 19
4497 19
4498 19
4499 19
4500 19
4501 19
4502 19
4503 19
4504 19
4505 19
4506 19
4507 19
4508 19
4509 19
4510 19
4511 19
4512 19
4513 19
4514 19
4515 19
4516 19
4517 19
4518 19
4519 19
4520 19
4521 19
4522 19
4523 19
4524 19
4525 19
4526 19
4527 20
4528 20
4529 20
4530 20
4531 20
4532 20
4533 20
4534 20
4535 20
4536 20
4537 20
4538 20
4539 20
4540 20
4541 20
4542 20
4543 20
4544 20
4545 20
4546 20
4547 20
4548 20
4549 20
4550 20
4551 20
4552 20
4553 20
4554 20
4555 20
4556 20
4557 20
4558 20
4559 20
4560 20
4561 20
4562 20
4563 20
4564 20
4565 20
4566 20
4567 20
4568 20
4569 20
4570 20
4571 20
4572 20
4573 20
4574 20
4575 20
4576 20
4577 20
4578 20
4579 20
4580 20
4581 20
4582 20
4583 20
4584 20
4585 20
4586 20
4587 20
4588 20
4589 20
4590 20
4591 20
4592 20
4593 20
4594 20
4595 20
4596 20
4597 20
4598 20
4599 20
4600 20
4601 20
4602 20
4603 20
4604 20
4605 20
4606 20
4607 20
4608 20
4609 20
4610 20
4611 20
4612 20
4613 20
4614 20
4615 20
4616 20
4617 20
4618 20
4619 20
4620 20
4621 20
4622 20
4623 20
4624 20
4625 20
4626 20
4627 20
4628 20
4629 20
4630 20
4631 20
4632 20
4633 20
4634 20
4635 20
4636 20
4637 20
4638 20
4639 20
4640 20
4641 20
4642 20
4643 20
4644 20
4645 20
4646 20
4647 20
4648 20
4649 20
4650 20
4651 20
4652 20
4653 20
4654 20
4655 20
4656 20
4657 20
4658 20
4659 20
4660 20
4661 20
4662 20
4663 20
4664 20
4665 20
4666 20
4667 20
4668 20
4669 20
4670 20
4671 20
4672 20
4673 20
4674 20
4675 20
4676 20
4677 20
4678 20
4679 20
4680 20
4681 20
4682 20
4683 20
4684 20
4685 20
4686 20
4687 20
4688 20
4689 20
4690 20
4691 20
4692 20
4693 20
4694 20
4695 20
4696 20
4697 20
4698 20
4699 20
4700 20
4701 20
4702 20
4703 20
4704 20
4705 20
4706 20
4707 20
4708 20
4709 20
4710 20
4711 20
4712 20
4713 20
4714 20
4715 20
4716 20
4717 20
4718 20
4719 20
4720 20
4721 20
4722 20
4723 20
4724 20
4725 20
4726 20
4727 20
4728 20
4729 20
4730 20
4731 20
4732 20
4733 20
4734 20
4735 20
4736 20
4737 20
4738 20
4739 20
4740 20
4741 20
4742 20
4743 20
4744 20
4745 20
4746 20
4747 20
4748 20
4749 20
4750 20
4751 20
4752 20
4753 20
4754 20
4755 20
4756 20
4757 20
4758 20
4759 20
4760 20
4761 20
4762 20
4763 20
4764 20
4765 20
4766 20
4767 20
4768 20
4769 20
4770 20
4771 20
4772 20
4773 20
4774 20
4775 20
4776 20
4777 20
4778 20
4779 20
4780 20
4781 20
4782 20
4783 20
4784 20
4785 20
4786 20
4787 20
4788 20
4789 20
4790 20
4791 20
4792 20
4793 20
4794 20
4795 20
4796 20
4797 20
4798 20
4799 20
4800 20
4801 20
4802 20
4803 20
4804 20
4805 20
4806 20
4807 20
4808 20
4809 20
4810 20
4811 20
4812 20
4813 20
4814 20
4815 20
4816 20
4817 20
4818 20
4819 20
4820 20
4821 20
4822 20
4823 20
4824 20
4825 20
4826 20
4827 20
4828 20
4829 20
4830 20
4831 20
4832 20
4833 20
4834 20
4835 20
4836 20
4837 20
4838 20
4839 20
4840 20
4841 20
4842 20
4843 20
4844 20
4845 20
4846 20
4847 20
4848 20
4849 20
4850 20
4851 20
4852 20
4853 20
4854 20
4855 20
4856 20
4857 20
4858 20
4859 20
4860 20
4861 20
4862 20
4863 20
4864 20
4865 20
4866 20
4867 20
4868 20
4869 20
4870 20
4871 20
4872 20
4873 20
4874 20
4875 20
4876 20
4877 20
4878 20
4879 20
4880 20
4881 20
4882 20
4883 21
4884 21
4885 21
4886 21
4887 21
4888 21
4889 21
4890 21
4891 21
4892 21
4893 21
4894 21
4895 21
4896 21
4897 21
4898 21
4899 21
4900 21
4901 21
4902 21
4903 21
4904 21
4905 21
4906 21
4907 21
4908 21
4909 21
4910 21
4911 21
4912 21
4913 21
4914 21
4915 21
4916 21
4917 21
4918 21
4919 21
4920 21
4921 21
4922 21
4923 21
4924 21
4925 21
4926 21
4927 21
4928 21
4929 21
4930 21
4931 21
4932 21
4933 21
4934 21
4935 21
4936 21
4937 21
4938 21
4939 21
4940 21
4941 21
4942 21
4943 21
4944 21
4945 21
4946 21
4947 21
4948 21
4949 21
4950 21
4951 21
4952 21
4953 21
4954 21
4955 21
4956 21
4957 21
4958 21
4959 21
4960 21
4961 21
4962 21
4963 21
4964 21
4965 21
4966 21
4967 21
4968 21
4969 21
4970 21
4971 21
4972 21
4973 21
4974 21
4975 21
4976 21
4977 21
4978 21
4979 21
4980 21
4981 21
4982 21
4983 21
4984 21
4985 21
4986 21
4987 21
4988 21
4989 21
4990 21
4991 21
4992 21
4993 21
4994 21
4995 21
4996 21
4997 21
4998 21
4999 21
5000 21
5001 21
5002 21
5003 21
5004 21
5005 21
5006 21
5007 21
5008 21
5009 21
5010 21
5011 21
5012 21
5013 21
5014 21
5015 21
5016 21
5017 21
5018 21
5019 21
5020 21
5021 21
5022 21
5023 21
5024 21
5025 21
5026 21
5027 21
5028 21
5029 21
5030 21
5031 21
5032 21
5033 21
5034 21
5035 21
5036 21
5037 21
5038 21
5039 21
5040 21
5041 22
5042 22
5043 22
5044 22
5045 22
5046 22
5047 22
5048 22
5049 22
5050 22
5051 22
5052 22
5053 22
5054 22
5055 22
5056 22
5057 22
5058 22
5059 22
5060 22
5061 22
5062 22
5063 22
5064 22
5065 22
5066 22
5067 22
5068 22
5069 22
5070 22
5071 22
5072 22
5073 22
5074 22
5075 22
5076 22
5077 22
5078 22
5079 22
5080 22
5081 22
5082 22
5083 22
5084 22
5085 22
5086 22
5087 22
5088 22
5089 22
5090 22
5091 22
5092 22
5093 22
5094 22
5095 22
5096 22
5097 22
5098 22
5099 22
5100 22
5101 22
5102 22
5103 22
5104 22
5105 22
5106 22
5107 22
5108 22
5109 22
5110 22
5111 22
5112 22
5113 22
5114 22
5115 22
5116 22
5117 22
5118 22
5119 23
5120 23
5121 23
5122 23
5123 23
5124 23
5125 23
5126 23
5127 23
5128 23
5129 23
5130 23
5131 23
5132 23
5133 23
5134 23
5135 23
5136 23
5137 23
5138 23
5139 23
5140 23
5141 23
5142 23
5143 23
5144 23
5145 23
5146 23
5147 23
5148 23
5149 23
5150 23
5151 23
5152 23
5153 23
5154 23
5155 23
5156 23
5157 23
5158 23
5159 23
5160 23
5161 23
5162 23
5163 23
5164 23
5165 23
5166 23
5167 23
5168 23
5169 23
5170 23
5171 23
5172 23
5173 23
5174 23
5175 23
5176 23
5177 23
5178 23
5179 23
5180 23
5181 23
5182 23
5183 23
5184 23
5185 23
5186 23
5187 23
5188 23
5189 23
5190 23
5191 23
5192 23
5193 23
5194 23
5195 23
5196 23
5197 23
5198 23
5199 23
5200 23
5201 23
5202 23
5203 23
5204 23
5205 23
5206 23
5207 23
5208 23
5209 23
5210 23
5211 23
5212 23
5213 23
5214 23
5215 23
5216 23
5217 23
5218 23
5219 23
5220 23
5221 23
5222 23
5223 23
5224 23
5225 23
5226 23
5227 23
5228 23
5229 23
5230 23
5231 23
5232 23
5233 23
5234 23
5235 23
5236 23
5237 23
5238 23
5239 23
5240 23
5241 23
5242 23
5243 23
5244 23
5245 23
5246 23
5247 23
5248 23
5249 23
5250 23
5251 23
5252 23
5253 23
5254 23
5255 23
5256 23
5257 23
5258 23
5259 23
5260 23
5261 23
5262 23
5263 23
5264 23
5265 23
5266 23
5267 23
5268 23
5269 23
5270 23
5271 23
5272 23
5273 23
5274 23
5275 23
5276 23
5277 23
5278 23
5279 23
5280 23
5281 23
5282 23
5283 23
5284 23
5285 23
5286 23
5287 23
5288 23
5289 23
5290 23
5291 23
5292 23
5293 23
5294 23
5295 23
5296 23
5297 23
5298 23
5299 23
5300 23
5301 23
5302 23
5303 23
5304 23
5305 23
5306 23
5307 23
5308 23
5309 23
5310 23
5311 23
5312 23
5313 23
5314 23
5315 23
5316 23
5317 23
5318 23
5319 23
5320 23
5321 23
5322 23
5323 23
5324 23
5325 23
5326 23
5327 23
5328 23
5329 24
5330 24
5331 24
5332 24
5333 24
5334 24
5335 24
5336 24
5337 24
5338 24
5339 24
5340 24
5341 24
5342 24
5343 24
5344 24
5345 24
5346 24
5347 24
5348 24
5349 24
5350 24
5351 24
5352 24
5353 24
5354 24
5355 24
5356 24
5357 24
5358 24
5359 24
5360 24
5361 24
5362 24
5363 24
5364 24
5365 24
5366 24
5367 24
5368 24
5369 24
5370 24
5371 24
5372 24
5373 24
5374 24
5375 24
5376 24
5377 24
5378 24
5379 24
5380 24
5381 24
5382 24
5383 24
5384 24
5385 24
5386 24
5387 24
5388 24
5389 24
5390 24
5391 24
5392 24
5393 24
5394 24
5395 24
5396 24
5397 24
5398 24
5399 24
5400 24
5401 24
5402 24
5403 24
5404 24
5405 24
5406 24
5407 24
5408 24
5409 24
5410 24
5411 24
5412 24
5413 24
5414 24
5415 24
5416 24
5417 24
5418 24
5419 24
5420 24
5421 24
5422 24
5423 24
5424 24
5425 24
5426 24
5427 24
5428 24
5429 24
5430 24
5431 24
5432 24
5433 24
5434 24
5435 24
5436 24
5437 24
5438 24
5439 24
5440 24
5441 24
5442 24
5443 24
5444 24
5445 24
5446 24
5447 24
5448 24
5449 24
5450 24
5451 24
5452 24
5453 24
5454 24
5455 24
5456 24
5457 24
5458 24
5459 24
5460 24
5461 24
5462 24
5463 24
5464 24
5465 24
5466 24
5467 24
5468 24
5469 24
5470 24
5471 24
5472 24
5473 24
5474 24
5475 24
5476 24
5477 24
5478 24
5479 24
5480 24
5481 24
5482 24
5483 24
5484 24
5485 24
5486 24
5487 24
5488 24
5489 24
5490 24
5491 24
5492 24
5493 24
5494 24
5495 24
5496 24
5497 24
5498 24
5499 24
5500 24
5501 24
5502 24
5503 24
5504 24
5505 24
5506 24
5507 24
5508 24
5509 24
5510 24
5511 24
5512 24
5513 24
5514 24
5515 24
5516 24
5517 24
5518 24
5519 24
5520 24
5521 24
5522 24
5523 24
5524 24
5525 24
5526 24
5527 24
5528 24
5529 24
5530 24
5531 24
5532 24
5533 24
5534 24
5535 24
5536 24
5537 24
5538 24
5539 24
5540 24
5541 24
5542 24
5543 24
5544 24
5545 24
5546 24
5547 24
5548 24
5549 24
5550 24
5551 24
5552 24
5553 24
5554 24
5555 24
5556 24
5557 24
5558 24
5559 24
5560 24
5561 24
5562 24
5563 24
5564 24
5565 24
5566 24
5567 24
5568 24
5569 24
5570 24
5571 24
5572 24
5573 24
5574 24
5575 24
5576 24
5577 24
5578 24
5579 24
5580 24
5581 24
5582 24
5583 24
5584 24
5585 24
5586 24
5587 24
5588 24
5589 24
5590 24
5591 24
5592 24
5593 24
5594 24
5595 24
5596 24
5597 24
5598 24
5599 24
5600 24
5601 24
5602 24
5603 24
5604 24
5605 24
5606 24
5607 24
5608 24
5609 24
5610 24
5611 24
5612 24
5613 24
5614 24
5615 24
5616 24
5617 24
5618 24
5619 24
5620 24
5621 24
5622 24
5623 24
5624 24
5625 24
5626 24
5627 24
5628 24
5629 24
5630 24
5631 24
5632 24
5633 24
5634 24
5635 24
5636 24
5637 24
5638 24
5639 24
5640 24
5641 24
5642 24
5643 24
5644 24
5645 24
5646 24
5647 24
5648 24
5649 24
5650 24
5651 24
5652 24
5653 24
5654 24
5655 24
5656 24
5657 24
5658 24
5659 24
5660 24
5661 24
5662 24
5663 24
5664 24
5665 24
5666 24
5667 24
5668 24
5669 24
5670 24
5671 24
5672 24
5673 24
5674 24
5675 24
5676 24
5677 24
5678 24
5679 24
5680 24
5681 24
5682 24
5683 24
5684 24
5685 24
5686 24
5687 24
5688 24
5689 24
5690 24
5691 24
5692 24
5693 24
5694 24
5695 24
5696 24
5697 24
5698 24
5699 24
5700 24
5701 24
5702 24
5703 24
5704 24
5705 24
5706 24
5707 24
5708 24
5709 24
5710 24
5711 24
5712 24
5713 24
5714 24
5715 24
5716 24
5717 24
5718 24
5719 24
5720 24
5721 24
5722 24
5723 24
5724 24
5725 24
5726 24
5727 24
5728 24
5729 24
5730 24
5731 24
5732 24
5733 25
5734 25
5735 25
5736 25
5737 25
5738 25
5739 25
5740 25
5741 25
5742 25
5743 25
5744 25
5745 25
5746 25
5747 25
5748 25
5749 25
5750 25
5751 25
5752 25
5753 25
5754 25
5755 25
5756 25
5757 25
5758 25
5759 25
5760 25
5761 25
5762 25
5763 25
5764 25
5765 25
5766 25
5767 25
5768 25
5769 25
5770 25
5771 25
5772 25
5773 25
5774 25
5775 25
5776 25
5777 25
5778 25
5779 25
5780 25
5781 25
5782 25
5783 25
5784 25
5785 25
5786 25
5787 25
5788 25
5789 25
5790 25
5791 25
5792 25
5793 25
5794 25
5795 25
5796 25
5797 25
5798 25
5799 25
5800 25
5801 25
5802 25
5803 25
5804 25
5805 25
5806 25
5807 25
5808 25
5809 25
5810 25
5811 25
5812 25
5813 25
5814 25
5815 25
5816 25
5817 25
5818 25
5819 25
5820 25
5821 25
5822 25
5823 25
5824 25
5825 25
5826 25
5827 25
5828 25
5829 25
5830 25
5831 25
5832 25
5833 25
5834 25
5835 25
5836 25
5837 25
5838 25
5839 25
5840 25
5841 25
5842 25
5843 25
5844 25
5845 25
5846 25
5847 25
5848 25
5849 25
5850 25
5851 25
5852 25
5853 25
5854 25
5855 25
5856 25
5857 25
5858 25
5859 25
5860 25
5861 25
5862 25
5863 25
5864 25
5865 25
5866 25
5867 25
5868 25
5869 25
5870 25
5871 25
5872 25
5873 25
5874 25
5875 25
5876 25
5877 25
5878 25
5879 25
5880 25
5881 25
5882 25
5883 25
5884 25
5885 25
5886 25
5887 25
5888 25
5889 25
5890 25
5891 25
5892 25
5893 25
5894 25
5895 25
5896 25
5897 25
5898 25
5899 25
5900 25
5901 25
5902 25
5903 25
5904 25
5905 25
5906 25
5907 25
5908 25
5909 25
5910 25
5911 25
5912 25
5913 25
5914 25
5915 25
5916 25
5917 25
5918 25
5919 25
5920 25
5921 25
5922 25
5923 25
5924 25
5925 25
5926 25
5927 25
5928 25
5929 25
5930 25
5931 25
5932 25
5933 25
5934 25
5935 25
5936 25
5937 25
5938 25
5939 25
5940 25
5941 25
5942 25
5943 25
5944 25
5945 25
5946 25
5947 25
5948 25
5949 25
5950 25
5951 25
5952 25
5953 25
5954 25
5955 25
5956 25
5957 25
5958 25
5959 25
5960 25
5961 25
5962 25
5963 25
5964 25
5965 25
5966 25
5967 25
5968 25
5969 25
5970 25
5971 25
5972 25
5973 25
5974 25
5975 25
5976 25
5977 25
5978 25
5979 25
5980 25
5981 25
5982 25
5983 25
5984 25
5985 25
5986 25
5987 25
5988 25
5989 25
5990 25
5991 25
5992 25
5993 25
5994 25
5995 25
5996 25
5997 25
5998 25
5999 25
6000 25
6001 25
6002 25
6003 25
6004 25
6005 25
6006 25
6007 25
6008 25
6009 25
6010 25
6011 25
6012 25
6013 25
6014 25
6015 25
6016 25
6017 25
6018 25
6019 25
6020 25
6021 25
6022 25
6023 25
6024 25
6025 25
6026 25
6027 25
6028 25
6029 25
6030 25
6031 25
6032 25
6033 25
6034 25
6035 25
6036 25
6037 25
6038 25
6039 25
6040 25
6041 25
6042 25
6043 25
6044 25
6045 25
6046 25
6047 25
6048 25
6049 25
6050 25
6051 25
6052 25
6053 25
6054 25
6055 25
6056 25
6057 25
6058 25
6059 25
6060 25
6061 25
6062 25
6063 25
6064 25
6065 25
6066 25
6067 25
6068 25
6069 25
6070 25
6071 25
6072 25
6073 25
6074 25
6075 25
6076 25
6077 25
6078 25
6079 25
6080 25
6081 25
6082 25
6083 25
6084 25
6085 25
6086 25
6087 25
6088 25
6089 25
6090 25
6091 25
6092 25
6093 25
6094 25
6095 25
6096 25
6097 25
6098 25
6099 25
6100 25
6101 25
6102 25
6103 25
6104 25
6105 25
6106 25
6107 25
6108 25
6109 25
6110 25
6111 25
6112 25
6113 25
6114 25
6115 25
6116 25
6117 25
6118 25
6119 25
6120 25
6121 25
6122 25
6123 25
6124 25
6125 25
6126 25
6127 25
6128 25
6129 25
6130 25
6131 25
6132 25
6133 25
6134 25
6135 25
6136 25
6137 25
6138 25
6139 25
6140 25
6141 25
6142 25
6143 25
6144 25
6145 25
6146 25
6147 25
6148 25
6149 25
6150 25
6151 25
6152 25
6153 25
6154 25
6155 25
6156 25
6157 25
6158 25
6159 25
6160 25
6161 25
6162 25
6163 25
6164 25
6165 25
6166 25
6167 25
6168 25
6169 25
6170 25
6171 25
6172 25
6173 25
6174 25
6175 25
6176 25
6177 25
6178 25
6179 25
6180 25
6181 25
6182 25
6183 25
6184 25
6185 25
6186 25
6187 25
6188 25
6189 25
6190 25
6191 25
6192 25
6193 25
6194 25
6195 25
6196 25
6197 25
6198 25
6199 25
6200 25
6201 25
6202 25
6203 25
6204 25
6205 25
6206 25
6207 26
6208 26
6209 26
6210 26
6211 26
6212 26
6213 26
6214 26
6215 26
6216 26
6217 26
6218 26
6219 26
6220 26
6221 26
6222 26
6223 26
6224 26
6225 26
6226 26
6227 26
6228 26
6229 26
6230 26
6231 26
6232 26
6233 26
6234 26
6235 26
6236 26
6237 26
6238 26
6239 26
6240 26
6241 26
6242 26
6243 26
6244 26
6245 26
6246 26
6247 26
6248 26
6249 26
6250 26
6251 26
6252 26
6253 26
6254 26
6255 26
6256 26
6257 26
6258 26
6259 26
6260 26
6261 26
6262 26
6263 26
6264 26
6265 26
6266 26
6267 26
6268 26
6269 26
6270 26
6271 26
6272 26
6273 26
6274 26
6275 26
6276 26
6277 26
6278 26
6279 26
6280 26
6281 26
6282 26
6283 26
6284 26
6285 26
6286 26
6287 26
6288 26
6289 26
6290 26
6291 26
6292 26
6293 26
6294 26
6295 26
6296 26
6297 26
6298 26
6299 26
6300 26
6301 26
6302 26
6303 26
6304 26
6305 26
6306 26
6307 26
6308 26
6309 26
6310 26
6311 26
6312 26
6313 26
6314 26
6315 26
6316 26
6317 26
6318 26
6319 26
6320 26
6321 26
6322 26
6323 26
6324 26
6325 26
6326 26
6327 26
6328 26
6329 26
6330 26
6331 26
6332 26
6333 26
6334 26
6335 26
6336 26
6337 26
6338 26
6339 26
6340 26
6341 26
6342 26
6343 26
6344 26
6345 26
6346 26
6347 26
6348 26
6349 26
6350 26
6351 26
6352 26
6353 26
6354 26
6355 26
6356 26
6357 26
6358 26
6359 26
6360 26
6361 26
6362 26
6363 26
6364 26
6365 26
6366 26
6367 26
6368 26
6369 26
6370 26
6371 26
6372 26
6373 26
6374 26
6375 26
6376 26
6377 26
6378 26
6379 26
6380 26
6381 26
6382 26
6383 26
6384 26
6385 26
6386 26
6387 26
6388 26
6389 26
6390 26
6391 26
6392 26
6393 26
6394 26
6395 26
6396 26
6397 26
6398 26
6399 26
6400 26
6401 26
6402 26
6403 26
6404 26
6405 26
6406 26
6407 26
6408 26
6409 26
6410 26
6411 26
6412 26
6413 26
6414 26
6415 26
6416 26
6417 26
6418 26
6419 26
6420 26
6421 26
6422 26
6423 26
6424 26
6425 26
6426 26
6427 26
6428 26
6429 26
6430 26
6431 26
6432 26
6433 26
6434 26
6435 26
6436 26
6437 26
6438 26
6439 26
6440 26
6441 26
6442 26
6443 26
6444 26
6445 26
6446 26
6447 26
6448 26
6449 26
6450 26
6451 26
6452 26
6453 26
6454 26
6455 26
6456 26
6457 26
6458 26
6459 26
6460 26
6461 26
6462 26
6463 26
6464 26
6465 26
6466 26
6467 26
6468 26
6469 26
6470 26
6471 26
6472 26
6473 26
6474 26
6475 26
6476 26
6477 26
6478 26
6479 26
6480 26
6481 26
6482 26
6483 26
6484 26
6485 26
6486 26
6487 26
6488 26
6489 26
6490 26
6491 26
6492 26
6493 26
6494 26
6495 26
6496 26
6497 26
6498 26
6499 26
6500 26
6501 26
6502 26
6503 26
6504 26
6505 26
6506 26
6507 26
6508 26
6509 26
6510 26
6511 26
6512 26
6513 26
6514 26
6515 26
6516 26
6517 26
6518 26
6519 26
6520 26
6521 26
6522 26
6523 26
6524 26
6525 26
6526 26
6527 26
6528 26
6529 26
6530 26
6531 26
6532 26
6533 26
6534 26
6535 26
6536 26
6537 26
6538 26
6539 26
6540 26
6541 26
6542 26
6543 26
6544 26
6545 26
6546 26
6547 26
6548 26
6549 26
6550 26
6551 26
6552 26
6553 26
6554 26
6555 26
6556 26
6557 26
6558 26
6559 26
6560 26
6561 26
6562 26
6563 26
6564 26
6565 26
6566 26
6567 26
6568 26
6569 26
6570 26
6571 26
6572 26
6573 26
6574 26
6575 26
6576 26
6577 26
6578 26
6579 26
6580 26
6581 26
6582 26
6583 26
6584 26
6585 26
6586 26
6587 26
6588 26
6589 26
6590 26
6591 26
6592 26
6593 26
6594 26
6595 26
6596 26
6597 26
6598 26
6599 26
6600 26
6601 26
6602 26
6603 26
6604 26
6605 26
6606 26
6607 26
6608 26
6609 26
6610 26
6611 26
6612 26
6613 26
6614 26
6615 26
6616 26
6617 26
6618 26
6619 26
6620 26
6621 26
6622 26
6623 26
6624 26
6625 26
6626 26
6627 26
6628 26
6629 26
6630 26
6631 26
6632 26
6633 26
6634 26
6635 26
6636 26
6637 26
6638 26
6639 26
6640 26
6641 26
6642 26
6643 26
6644 26
6645 26
6646 26
6647 26
6648 26
6649 26
6650 26
6651 26
6652 26
6653 26
6654 26
6655 26
6656 26
6657 26
6658 26
6659 26
6660 26
6661 26
6662 26
6663 26
6664 26
6665 26
6666 26
6667 26
6668 26
6669 26
6670 26
6671 26
6672 26
6673 26
6674 26
6675 26
6676 26
6677 26
6678 26
6679 26
6680 26
6681 26
6682 26
6683 26
6684 26
6685 26
6686 26
6687 26
6688 26
6689 26
6690 26
6691 26
6692 26
6693 26
6694 26
6695 26
6696 26
6697 26
6698 26
6699 26
6700 26
6701 26
6702 26
6703 26
6704 26
6705 26
6706 26
6707 26
6708 26
6709 26
6710 26
6711 26
6712 26
6713 26
6714 26
6715 26
6716 26
6717 26
6718 26
6719 26
6720 26
6721 26
6722 26
6723 26
6724 26
6725 26
6726 26
6727 26
6728 26
6729 26
6730 26
6731 26
6732 26
6733 26
6734 26
6735 26
6736 26
6737 26
6738 26
6739 26
6740 26
6741 26
6742 26
6743 26
6744 26
6745 27
6746 27
6747 27
6748 27
6749 27
6750 27
6751 27
6752 27
6753 27
6754 27
6755 27
6756 27
6757 27
6758 27
6759 27
6760 27
6761 27
6762 27
6763 27
6764 27
6765 27
6766 27
6767 27
6768 27
6769 27
6770 27
6771 27
6772 27
6773 27
6774 27
6775 27
6776 27
6777 27
6778 27
6779 27
6780 27
6781 27
6782 27
6783 27
6784 27
6785 27
6786 27
6787 27
6788 27
6789 27
6790 27
6791 27
6792 27
6793 27
6794 27
6795 27
6796 27
6797 27
6798 27
6799 27
6800 27
6801 27
6802 27
6803 27
6804 27
6805 27
6806 27
6807 27
6808 27
6809 27
6810 27
6811 27
6812 27
6813 28
6814 28
6815 28
6816 28
6817 28
6818 28
6819 28
6820 28
6821 28
6822 28
6823 28
6824 28
6825 28
6826 28
6827 28
6828 28
6829 28
6830 28
6831 28
6832 28
6833 28
6834 28
6835 28
6836 28
6837 28
6838 28
6839 28
6840 28
6841 28
6842 28
6843 28
6844 28
6845 28
6846 28
6847 28
6848 28
6849 28
6850 28
6851 28
6852 28
6853 28
6854 28
6855 28
6856 28
6857 28
6858 28
6859 28
6860 28
6861 28
6862 28
6863 28
6864 28
6865 28
6866 28
6867 28
6868 28
6869 28
6870 28
6871 28
6872 28
6873 28
6874 28
6875 28
6876 28
6877 28
6878 28
6879 28
6880 28
6881 28
6882 28
6883 28
6884 28
6885 28
6886 28
6887 28
6888 28
6889 28
6890 28
6891 28
6892 28
6893 28
6894 28
6895 28
6896 28
6897 28
6898 28
6899 28
6900 28
6901 28
6902 28
6903 28
6904 28
6905 28
6906 28
6907 28
6908 28
6909 28
6910 28
6911 28
6912 28
6913 28
6914 28
6915 28
6916 28
6917 28
6918 28
6919 28
6920 28
6921 28
6922 28
6923 28
6924 28
6925 28
6926 28
6927 28
6928 28
6929 28
6930 28
6931 28
6932 28
6933 28
6934 28
6935 28
6936 28
6937 28
6938 28
6939 28
6940 28
6941 28
6942 28
6943 28
6944 28
6945 28
6946 28
6947 28
6948 28
6949 28
6950 28
6951 28
6952 28
6953 28
6954 28
6955 28
6956 28
6957 28
6958 28
6959 28
6960 28
6961 28
6962 28
6963 28
6964 28
6965 28
6966 28
6967 29
6968 29
6969 29
6970 29
6971 29
6972 29
6973 29
6974 29
6975 29
6976 29
6977 29
6978 29
6979 29
6980 29
6981 29
6982 29
6983 29
6984 29
6985 29
6986 29
6987 29
6988 29
6989 29
6990 29
6991 29
6992 29
6993 29
6994 29
6995 29
6996 29
6997 29
6998 29
6999 29
7000 29
7001 29
7002 29
7003 29
7004 29
7005 29
7006 29
7007 29
7008 29
7009 29
7010 29
7011 29
7012 29
7013 29
7014 29
7015 29
7016 29
7017 29
7018 29
7019 29
7020 29
7021 29
7022 29
7023 29
7024 29
7025 29
7026 29
7027 29
7028 29
7029 29
7030 29
7031 29
7032 29
7033 29
7034 29
7035 29
7036 29
7037 29
7038 29
7039 29
7040 29
7041 29
7042 29
7043 29
7044 29
7045 29
7046 29
7047 29
7048 29
7049 29
7050 29
7051 29
7052 29
7053 29
7054 29
7055 29
7056 29
7057 29
7058 29
7059 29
7060 29
7061 29
7062 29
7063 29
7064 29
7065 29
7066 29
7067 29
7068 29
7069 29
7070 29
7071 29
7072 29
7073 29
7074 29
7075 29
7076 29
7077 29
7078 29
7079 29
7080 29
7081 29
7082 29
7083 29
7084 29
7085 29
7086 29
7087 29
7088 29
7089 29
7090 29
7091 29
7092 29
7093 29
7094 29
7095 29
7096 29
7097 29
7098 29
7099 29
7100 29
7101 29
7102 29
7103 29
7104 29
7105 29
7106 29
7107 29
7108 29
7109 29
7110 29
7111 29
7112 29
7113 29
7114 29
7115 29
7116 29
7117 29
7118 29
7119 29
7120 29
7121 29
7122 29
7123 29
7124 29
7125 29
7126 29
7127 29
7128 29
7129 29
7130 29
7131 29
7132 29
7133 29
7134 29
7135 29
7136 29
7137 29
7138 29
7139 29
7140 29
7141 29
7142 29
7143 29
7144 29
7145 29
7146 29
7147 29
7148 29
7149 29
7150 29
7151 29
7152 29
7153 29
7154 29
7155 29
7156 29
7157 29
7158 29
7159 29
7160 29
7161 29
7162 29
7163 29
7164 29
7165 29
7166 29
7167 29
7168 29
7169 29
7170 29
7171 29
7172 29
7173 29
7174 29
7175 29
7176 29
7177 29
7178 29
7179 29
7180 29
7181 29
7182 29
7183 29
7184 29
7185 29
7186 29
7187 29
7188 29
7189 29
7190 29
7191 29
7192 29
7193 29
7194 29
7195 29
7196 29
7197 29
7198 29
7199 29
7200 29
7201 29
7202 29
7203 29
7204 29
7205 29
7206 29
7207 29
7208 29
7209 29
7210 29
7211 29
7212 29
7213 29
7214 29
7215 29
7216 29
7217 29
7218 29
7219 29
7220 29
7221 29
7222 29
7223 29
7224 29
7225 29
7226 29
7227 29
7228 29
7229 29
7230 29
7231 29
7232 29
7233 29
7234 29
7235 29
7236 29
7237 29
7238 29
7239 29
7240 29
7241 29
7242 29
7243 29
7244 29
7245 29
7246 29
7247 29
7248 29
7249 29
7250 29
7251 29
7252 29
7253 29
7254 29
7255 29
7256 29
7257 29
7258 29
7259 29
7260 29
7261 29
7262 29
7263 29
7264 29
7265 29
7266 29
7267 29
7268 29
7269 29
7270 29
7271 29
7272 29
7273 29
7274 29
7275 29
7276 29
7277 29
7278 29
7279 29
7280 29
7281 29
7282 29
7283 29
7284 29
7285 29
7286 29
7287 29
7288 29
7289 29
7290 29
7291 29
7292 29
7293 29
7294 29
7295 29
7296 29
7297 29
7298 29
7299 29
7300 29
7301 29
7302 29
7303 29
7304 29
7305 29
7306 29
7307 29
7308 29
7309 29
7310 29
7311 29
7312 29
7313 29
7314 29
7315 29
7316 29
7317 29
7318 29
7319 29
7320 29
7321 29
7322 29
7323 29
7324 29
7325 29
7326 29
7327 29
7328 29
7329 29
7330 29
7331 29
7332 29
7333 29
7334 29
7335 29
7336 29
7337 29
7338 29
7339 29
7340 29
7341 29
7342 29
7343 29
7344 29
7345 29
7346 29
7347 29
7348 29
7349 29
7350 29
7351 29
7352 29
7353 29
7354 29
7355 29
7356 29
7357 29
7358 29
7359 29
7360 29
7361 29
7362 29
7363 29
7364 29
7365 29
7366 29
7367 29
7368 29
7369 29
7370 29
7371 29
7372 29
7373 29
7374 29
7375 29
7376 29
7377 29
7378 29
7379 29
7380 29
7381 29
7382 29
7383 29
7384 29
7385 29
7386 29
7387 29
7388 29
7389 29
7390 29
7391 29
7392 29
7393 29
7394 29
7395 29
7396 29
7397 29
7398 29
7399 29
7400 29
7401 29
7402 29
7403 29
7404 29
7405 29
7406 29
7407 29
7408 29
7409 29
7410 29
7411 29
7412 29
7413 29
7414 29
7415 30
7416 30
7417 30
7418 30
7419 30
7420 30
7421 30
7422 30
7423 30
7424 30
7425 30
7426 30
7427 30
7428 30
7429 30
7430 30
7431 30
7432 30
7433 30
7434 30
7435 30
7436 30
7437 30
7438 30
7439 30
7440 30
7441 30
7442 30
7443 30
7444 30
7445 30
7446 30
7447 30
7448 30
7449 30
7450 30
7451 30
7452 30
7453 30
7454 30
7455 30
7456 30
7457 30
7458 30
7459 30
7460 30
7461 30
7462 30
7463 30
7464 30
7465 30
7466 30
7467 30
7468 30
7469 30
7470 30
7471 30
7472 30
7473 30
7474 30
7475 30
7476 30
7477 30
7478 30
7479 30
7480 30
7481 30
7482 30
7483 30
7484 30
7485 30
7486 30
7487 30
7488 30
7489 30
7490 30
7491 30
7492 30
7493 30
7494 30
7495 30
7496 30
7497 30
7498 30
7499 30
7500 30
7501 30
7502 30
7503 30
7504 30
7505 30
7506 30
7507 30
7508 30
7509 30
7510 30
7511 30
7512 30
7513 30
7514 30
7515 30
7516 30
7517 30
7518 30
7519 30
7520 30
7521 30
7522 30
7523 30
7524 30
7525 30
7526 30
7527 30
7528 30
7529 30
7530 30
7531 30
7532 30
7533 30
7534 30
7535 30
7536 30
7537 30
7538 30
7539 30
7540 30
7541 30
7542 30
7543 30
7544 30
7545 30
7546 30
7547 30
7548 30
7549 30
7550 30
7551 30
7552 30
7553 30
7554 30
7555 30
7556 30
7557 30
7558 30
7559 30
7560 30
7561 30
7562 30
7563 30
7564 30
7565 30
7566 30
7567 30
7568 30
7569 30
7570 30
7571 30
7572 30
7573 30
7574 30
7575 30
7576 30
7577 30
7578 30
7579 30
7580 30
7581 30
7582 30
7583 30
7584 30
7585 30
7586 30
7587 30
7588 30
7589 30
7590 30
7591 30
7592 30
7593 30
7594 30
7595 30
7596 30
7597 30
7598 30
7599 30
7600 30
7601 30
7602 30
7603 30
7604 30
7605 30
7606 30
7607 30
7608 30
7609 30
7610 30
7611 30
7612 30
7613 30
7614 30
7615 30
7616 30
7617 30
7618 30
7619 30
7620 30
7621 30
7622 30
7623 30
7624 30
7625 30
7626 30
7627 30
7628 30
7629 30
7630 30
7631 30
7632 30
7633 30
7634 30
7635 30
7636 30
7637 30
7638 30
7639 30
7640 30
7641 30
7642 30
7643 30
7644 30
7645 30
7646 30
7647 30
7648 30
7649 30
7650 30
7651 30
7652 30
7653 30
7654 30
7655 30
7656 30
7657 30
7658 30
7659 30
7660 30
7661 30
7662 30
7663 30
7664 30
7665 30
7666 30
7667 30
7668 30
7669 30
7670 30
7671 30
7672 30
7673 30
7674 30
7675 30
7676 30
7677 30
7678 30
7679 30
7680 30
7681 30
7682 30
7683 30
7684 30
7685 30
7686 30
7687 30
7688 30
7689 30
7690 30
7691 30
7692 30
7693 30
7694 30
7695 30
7696 30
7697 30
7698 30
7699 30
7700 30
7701 30
7702 30
7703 30
7704 30
7705 30
7706 30
7707 30
7708 30
7709 30
7710 30
7711 30
7712 30
7713 30
7714 30
7715 30
7716 30
7717 30
7718 30
7719 30
7720 30
7721 30
7722 30
7723 30
7724 30
7725 30
7726 30
7727 31
7728 31
7729 31
7730 31
7731 31
7732 31
7733 31
7734 31
7735 31
7736 31
7737 31
7738 31
7739 31
7740 31
7741 31
7742 31
7743 31
7744 31
7745 31
7746 31
7747 31
7748 31
7749 31
7750 31
7751 31
7752 31
7753 31
7754 31
7755 31
7756 31
7757 31
7758 31
7759 31
7760 31
7761 31
7762 31
7763 31
7764 31
7765 31
7766 31
7767 31
7768 31
7769 31
7770 31
7771 31
7772 31
7773 31
7774 31
7775 31
7776 31
7777 31
7778 31
7779 31
7780 31
7781 31
7782 31
7783 31
7784 31
7785 31
7786 31
7787 31
7788 31
7789 31
7790 31
7791 31
7792 31
7793 31
7794 31
7795 31
7796 31
7797 31
7798 31
7799 31
7800 31
7801 31
7802 31
7803 31
7804 31
7805 31
7806 31
7807 31
7808 31
7809 31
7810 31
7811 31
7812 31
7813 31
7814 31
7815 31
7816 31
7817 31
7818 31
7819 31
7820 31
7821 31
7822 31
7823 31
7824 31
7825 31
7826 31
7827 31
7828 31
7829 31
7830 31
7831 31
7832 31
7833 31
7834 31
7835 31
7836 31
7837 31
7838 31
7839 31
7840 31
7841 31
7842 31
7843 31
7844 31
7845 31
7846 31
7847 31
7848 31
7849 31
7850 31
7851 31
7852 31
7853 31
7854 31
7855 31
7856 31
7857 31
7858 31
7859 31
7860 31
7861 31
7862 31
7863 31
7864 31
7865 31
7866 31
7867 31
7868 31
7869 31
7870 31
7871 31
7872 31
7873 31
7874 31
7875 31
7876 31
7877 31
7878 31
7879 31
7880 31
7881 31
7882 31
7883 31
7884 31
7885 31
7886 31
7887 31
7888 31
7889 31
7890 31
7891 31
7892 31
7893 31
7894 31
7895 31
7896 31
7897 31
7898 31
7899 31
7900 31
7901 31
7902 31
7903 31
7904 31
7905 31
7906 31
7907 31
7908 31
7909 31
7910 31
7911 31
7912 31
7913 31
7914 31
7915 31
7916 31
7917 31
7918 31
7919 31
7920 31
7921 31
7922 31
7923 31
7924 31
7925 31
7926 31
7927 31
7928 31
7929 31
7930 31
7931 31
7932 31
7933 31
7934 31
7935 31
7936 31
7937 31
7938 31
7939 31
7940 31
7941 31
7942 31
7943 31
7944 31
7945 31
7946 31
7947 31
7948 31
7949 31
7950 31
7951 31
7952 31
7953 31
7954 31
7955 31
7956 31
7957 31
7958 31
7959 31
7960 31
7961 31
7962 31
7963 31
7964 31
7965 31
7966 31
7967 31
7968 31
7969 31
7970 31
7971 31
7972 31
7973 31
7974 31
7975 31
7976 31
7977 31
7978 31
7979 31
7980 31
7981 31
7982 31
7983 31
7984 31
7985 31
7986 31
7987 31
7988 31
7989 31
7990 31
7991 31
7992 31
7993 31
7994 31
7995 31
7996 31
7997 31
7998 31
7999 31
8000 31
8001 31
8002 31
8003 31
8004 31
8005 31
8006 31
8007 31
8008 31
8009 31
8010 31
8011 31
8012 31
8013 31
8014 31
8015 31
8016 31
8017 31
8018 31
8019 31
8020 31
8021 31
8022 31
8023 31
8024 31
8025 31
8026 31
8027 31
8028 31
8029 31
8030 31
8031 31
8032 31
8033 31
8034 31
8035 31
8036 31
8037 31
8038 31
8039 31
8040 31
8041 31
8042 31
8043 31
8044 31
8045 31
8046 31
8047 31
8048 31
8049 31
8050 31
8051 31
8052 31
8053 31
8054 31
8055 31
8056 31
8057 31
8058 31
8059 31
8060 31
8061 31
8062 31
8063 31
8064 31
8065 31
8066 31
8067 31
8068 31
8069 31
8070 31
8071 31
8072 31
8073 31
8074 31
8075 31
8076 31
8077 31
8078 31
8079 31
8080 31
8081 31
8082 31
8083 31
8084 31
8085 31
8086 31
8087 31
8088 31
8089 31
8090 31
8091 31
8092 31
8093 31
8094 31
8095 31
8096 31
8097 31
8098 31
8099 31
8100 31
8101 31
8102 31
8103 31
8104 31
8105 31
8106 31
8107 31
8108 31
8109 31
8110 31
8111 31
8112 31
8113 31
8114 31
8115 31
8116 31
8117 31
8118 31
8119 31
8120 31
8121 31
8122 31
8123 31
8124 31
8125 31
8126 31
8127 31
8128 31
8129 31
8130 31
8131 31
8132 31
8133 31
8134 31
8135 32
8136 32
8137 32
8138 32
8139 32
8140 32
8141 32
8142 32
8143 32
8144 32
8145 32
8146 32
8147 32
8148 32
8149 32
8150 32
8151 32
8152 32
8153 32
8154 32
8155 32
8156 32
8157 32
8158 32
8159 32
8160 32
8161 32
8162 32
8163 32
8164 32
8165 32
8166 32
8167 32
8168 32
8169 32
8170 32
8171 32
8172 32
8173 32
8174 32
8175 32
8176 32
8177 32
8178 32
8179 32
8180 32
8181 32
8182 32
8183 32
8184 32
8185 32
8186 32
8187 32
8188 32
8189 32
8190 32
8191 32
8192 32
8193 32
8194 32
8195 32
8196 32
8197 32
8198 32
8199 32
8200 32
8201 32
8202 32
8203 32
8204 32
8205 32
8206 32
8207 32
8208 32
8209 32
8210 32
8211 32
8212 32
8213 32
8214 32
8215 32
8216 32
8217 32
8218 32
8219 32
8220 32
8221 32
8222 32
8223 32
8224 32
8225 32
8226 32
8227 32
8228 32
8229 32
8230 32
8231 32
8232 32
8233 32
8234 32
8235 33
8236 33
8237 33
8238 33
8239 33
8240 33
8241 33
8242 33
8243 33
8244 33
8245 33
8246 33
8247 33
8248 33
8249 33
8250 33
8251 33
8252 33
8253 33
8254 33
8255 33
8256 33
8257 33
8258 33
8259 33
8260 33
8261 33
8262 33
8263 33
8264 33
8265 33
8266 33
8267 33
8268 33
8269 33
8270 33
8271 33
8272 33
8273 33
8274 33
8275 33
8276 33
8277 33
8278 33
8279 33
8280 33
8281 33
8282 33
8283 33
8284 33
8285 33
8286 33
8287 33
8288 33
8289 33
8290 33
8291 33
8292 33
8293 33
8294 33
8295 33
8296 33
8297 33
8298 33
8299 33
8300 33
8301 33
8302 33
8303 33
8304 33
8305 33
8306 33
8307 33
8308 33
8309 33
8310 33
8311 33
8312 33
8313 33
8314 33
8315 33
8316 33
8317 33
8318 33
8319 33
8320 33
8321 33
8322 33
8323 33
8324 33
8325 33
8326 33
8327 33
8328 33
8329 33
8330 33
8331 33
8332 33
8333 33
8334 33
8335 33
8336 33
8337 33
8338 33
8339 33
8340 33
8341 33
8342 33
8343 33
8344 33
8345 33
8346 33
8347 33
8348 33
8349 33
8350 33
8351 33
8352 33
8353 33
8354 33
8355 33
8356 33
8357 33
8358 33
8359 33
8360 33
8361 33
8362 33
8363 33
8364 33
8365 33
8366 33
8367 33
8368 33
8369 33
8370 33
8371 33
8372 33
8373 33
8374 33
8375 33
8376 33
8377 33
8378 33
8379 33
8380 33
8381 33
8382 33
8383 33
8384 33
8385 33
8386 33
8387 33
8388 33
8389 33
8390 33
8391 33
8392 33
8393 33
8394 33
8395 33
8396 33
8397 33
8398 33
8399 33
8400 33
8401 33
8402 33
8403 33
8404 33
8405 33
8406 33
8407 33
8408 33
8409 33
8410 33
8411 33
8412 33
8413 33
8414 33
8415 33
8416 33
8417 33
8418 33
8419 33
8420 33
8421 33
8422 33
8423 33
8424 33
8425 33
8426 33
8427 33
8428 33
8429 33
8430 33
8431 33
8432 33
8433 33
8434 33
8435 33
8436 33
8437 33
8438 33
8439 33
8440 33
8441 33
8442 33
8443 33
8444 33
8445 33
8446 33
8447 33
8448 33
8449 33
8450 33
8451 33
8452 33
8453 33
8454 33
8455 33
8456 33
8457 33
8458 33
8459 33
8460 33
8461 33
8462 33
8463 33
8464 33
8465 33
8466 33
8467 33
8468 33
8469 33
8470 33
8471 33
8472 33
8473 33
8474 33
8475 33
8476 33
8477 33
8478 33
8479 33
8480 33
8481 33
8482 33
8483 33
8484 33
8485 33
8486 33
8487 33
8488 33
8489 33
8490 33
8491 33
8492 33
8493 33
8494 33
8495 33
8496 33
8497 33
8498 33
8499 33
8500 33
8501 33
8502 33
8503 33
8504 33
8505 33
8506 33
8507 33
8508 33
8509 33
8510 33
8511 33
8512 33
8513 33
8514 33
8515 33
8516 33
8517 33
8518 33
8519 33
8520 33
8521 33
8522 33
8523 33
8524 33
8525 33
8526 33
8527 33
8528 33
8529 33
8530 33
8531 33
8532 33
8533 33
8534 33
8535 33
8536 33
8537 33
8538 33
8539 33
8540 33
8541 33
8542 33
8543 33
8544 33
8545 33
8546 33
8547 33
8548 33
8549 33
8550 33
8551 33
8552 33
8553 33
8554 33
8555 33
8556 33
8557 33
8558 33
8559 33
8560 33
8561 33
8562 33
8563 33
8564 33
8565 34
8566 34
8567 34
8568 34
8569 34
8570 34
8571 34
8572 34
8573 34
8574 34
8575 34
8576 34
8577 34
8578 34
8579 34
8580 34
8581 34
8582 34
8583 34
8584 34
8585 34
8586 34
8587 34
8588 34
8589 34
8590 34
8591 34
8592 34
8593 34
8594 34
8595 34
8596 34
8597 34
8598 34
8599 34
8600 34
8601 34
8602 34
8603 34
8604 34
8605 34
8606 34
8607 34
8608 34
8609 34
8610 34
8611 34
8612 34
8613 34
8614 34
8615 34
8616 34
8617 34
8618 34
8619 34
8620 34
8621 34
8622 34
8623 34
8624 34
8625 34
8626 34
8627 34
8628 34
8629 34
8630 34
8631 34
8632 34
8633 34
8634 34
8635 34
8636 34
8637 34
8638 34
8639 34
8640 34
8641 34
8642 34
8643 34
8644 34
8645 34
8646 34
8647 35
8648 35
8649 35
8650 35
8651 35
8652 35
8653 35
8654 35
8655 35
8656 35
8657 35
8658 35
8659 35
8660 35
8661 35
8662 35
8663 35
8664 35
8665 35
8666 35
8667 35
8668 35
8669 35
8670 35
8671 35
8672 35
8673 35
8674 35
8675 35
8676 35
8677 35
8678 35
8679 35
8680 35
8681 35
8682 35
8683 35
8684 35
8685 35
8686 35
8687 35
8688 35
8689 35
8690 35
8691 35
8692 35
8693 35
8694 35
8695 35
8696 35
8697 35
8698 35
8699 35
8700 35
8701 35
8702 35
8703 35
8704 35
8705 35
8706 35
8707 35
8708 35
8709 35
8710 35
8711 35
8712 35
8713 35
8714 35
8715 35
8716 35
8717 35
8718 35
8719 35
8720 35
8721 35
8722 35
8723 35
8724 35
8725 35
8726 35
8727 35
8728 35
8729 35
8730 35
8731 35
8732 35
8733 35
8734 35
8735 35
8736 35
8737 35
8738 35
8739 35
8740 35
8741 35
8742 35
8743 35
8744 35
8745 35
8746 35
8747 35
8748 35
8749 35
8750 35
8751 35
8752 35
8753 35
8754 35
8755 35
8756 35
8757 35
8758 35
8759 36
8760 36
8761 36
8762 36
8763 36
8764 36
8765 36
8766 36
8767 36
8768 36
8769 36
8770 36
8771 36
8772 36
8773 36
8774 36
8775 36
8776 36
8777 36
8778 36
8779 36
8780 36
8781 36
8782 36
8783 36
8784 36
8785 36
8786 36
8787 36
8788 36
8789 36
8790 36
8791 36
8792 36
8793 36
8794 36
8795 36
8796 36
8797 36
8798 36
8799 36
8800 36
8801 36
8802 36
8803 36
8804 36
8805 36
8806 36
8807 36
8808 36
8809 36
8810 36
8811 36
8812 36
8813 36
8814 36
8815 36
8816 36
8817 36
8818 36
8819 36
8820 36
8821 36
8822 36
8823 36
8824 36
8825 36
8826 36
8827 36
8828 36
8829 36
8830 36
8831 36
8832 36
8833 36
8834 36
8835 36
8836 36
8837 36
8838 36
8839 36
8840 36
8841 36
8842 36
8843 36
8844 36
8845 36
8846 36
8847 36
8848 36
8849 36
8850 36
8851 36
8852 36
8853 36
8854 36
8855 36
8856 36
8857 36
8858 36
8859 36
8860 36
8861 36
8862 36
8863 36
8864 36
8865 36
8866 36
8867 36
8868 36
8869 36
8870 36
8871 36
8872 36
8873 36
8874 36
8875 36
8876 36
8877 36
8878 36
8879 36
8880 36
8881 36
8882 36
8883 36
8884 36
8885 36
8886 36
8887 36
8888 36
8889 36
8890 36
8891 36
8892 36
8893 36
8894 36
8895 36
8896 36
8897 36
8898 36
8899 36
8900 36
8901 36
8902 36
8903 36
8904 36
8905 36
8906 36
8907 36
8908 36
8909 36
8910 36
8911 36
8912 36
8913 36
8914 36
8915 36
8916 36
8917 36
8918 36
8919 36
8920 36
8921 36
8922 36
8923 36
8924 36
8925 36
8926 36
8927 36
8928 36
8929 36
8930 36
8931 36
8932 36
8933 36
8934 36
8935 36
8936 36
8937 36
8938 36
8939 36
8940 36
8941 36
8942 36
8943 36
8944 36
8945 36
8946 36
8947 36
8948 36
8949 36
8950 36
8951 36
8952 36
8953 36
8954 36
8955 36
8956 36
8957 36
8958 36
8959 36
8960 36
8961 36
8962 36
8963 36
8964 36
8965 36
8966 36
8967 36
8968 36
8969 36
8970 36
8971 36
8972 36
8973 36
8974 36
8975 36
8976 36
8977 36
8978 36
8979 36
8980 36
8981 36
8982 36
8983 36
8984 36
8985 36
8986 36
8987 36
8988 36
8989 36
8990 36
8991 36
8992 36
8993 36
8994 36
8995 36
8996 36
8997 36
8998 36
8999 36
9000 36
9001 36
9002 36
9003 36
9004 36
9005 36
9006 36
9007 36
9008 36
9009 36
9010 36
9011 36
9012 36
9013 36
9014 36
9015 36
9016 36
9017 36
9018 36
9019 36
9020 36
9021 36
9022 36
9023 36
9024 36
9025 36
9026 36
9027 36
9028 36
9029 36
9030 36
9031 36
9032 36
9033 36
9034 36
9035 36
9036 36
9037 36
9038 36
9039 36
9040 36
9041 36
9042 36
9043 36
9044 36
9045 36
9046 36
9047 36
9048 36
9049 36
9050 36
9051 36
9052 36
9053 36
9054 36
9055 36
9056 36
9057 36
9058 36
9059 36
9060 36
9061 36
9062 36
9063 36
9064 36
9065 36
9066 36
9067 36
9068 36
9069 36
9070 36
9071 36
9072 36
9073 36
9074 36
9075 36
9076 36
9077 36
9078 36
9079 36
9080 36
9081 36
9082 36
9083 36
9084 36
9085 36
9086 36
9087 36
9088 36
9089 36
9090 36
9091 36
9092 36
9093 36
9094 36
9095 36
9096 36
9097 36
9098 36
9099 36
9100 36
9101 36
9102 36
9103 36
9104 36
9105 36
9106 36
9107 36
9108 36
9109 36
9110 36
9111 36
9112 36
9113 36
9114 36
9115 36
9116 36
9117 36
9118 36
9119 36
9120 36
9121 36
9122 36
9123 36
9124 36
9125 36
9126 36
9127 36
9128 36
9129 36
9130 36
9131 36
9132 36
9133 36
9134 36
9135 36
9136 36
9137 36
9138 36
9139 36
9140 36
9141 36
9142 36
9143 36
9144 36
9145 36
9146 36
9147 36
9148 36
9149 36
9150 36
9151 36
9152 36
9153 36
9154 36
9155 36
9156 36
9157 36
9158 36
9159 36
9160 36
9161 36
9162 36
9163 36
9164 36
9165 36
9166 36
9167 36
9168 36
9169 36
9170 36
9171 36
9172 36
9173 36
9174 36
9175 36
9176 36
9177 36
9178 36
9179 36
9180 36
9181 36
9182 36
9183 36
9184 36
9185 36
9186 36
9187 36
9188 36
9189 36
9190 36
9191 36
9192 36
9193 36
9194 36
9195 36
9196 36
9197 36
9198 36
9199 36
9200 36
9201 36
9202 36
9203 36
9204 36
9205 36
9206 36
9207 36
9208 36
9209 36
9210 36
9211 36
9212 36
9213 36
9214 36
9215 36
9216 36
9217 36
9218 36
9219 36
9220 36
9221 36
9222 36
9223 36
9224 36
9225 36
9226 36
9227 36
9228 36
9229 36
9230 36
9231 36
9232 36
9233 36
9234 36
9235 36
9236 36
9237 36
9238 36
9239 36
9240 36
9241 36
9242 36
9243 36
9244 36
9245 36
9246 36
9247 36
9248 36
9249 36
9250 36
9251 37
9252 37
9253 37
9254 37
9255 37
9256 37
9257 37
9258 37
9259 37
9260 37
9261 37
9262 37
9263 37
9264 37
9265 37
9266 37
9267 37
9268 37
9269 37
9270 37
9271 37
9272 37
9273 37
9274 37
9275 37
9276 37
9277 37
9278 37
9279 37
9280 37
9281 37
9282 37
9283 37
9284 37
9285 37
9286 37
9287 37
9288 37
9289 37
9290 37
9291 37
9292 37
9293 37
9294 37
9295 37
9296 37
9297 37
9298 37
9299 37
9300 37
9301 37
9302 37
9303 37
9304 37
9305 37
9306 37
9307 37
9308 37
9309 37
9310 37
9311 37
9312 37
9313 37
9314 37
9315 37
9316 37
9317 37
9318 37
9319 37
9320 37
9321 37
9322 37
9323 37
9324 37
9325 37
9326 37
9327 37
9328 37
9329 37
9330 37
9331 37
9332 37
9333 37
9334 37
9335 37
9336 37
9337 37
9338 37
9339 37
9340 37
9341 37
9342 37
9343 37
9344 37
9345 37
9346 37
9347 37
9348 37
9349 37
9350 37
9351 37
9352 37
9353 37
9354 37
9355 37
9356 37
9357 37
9358 37
9359 37
9360 37
9361 37
9362 37
9363 37
9364 37
9365 37
9366 37
9367 37
9368 37
9369 37
9370 37
9371 37
9372 37
9373 37
9374 37
9375 37
9376 37
9377 37
9378 37
9379 37
9380 37
9381 37
9382 37
9383 37
9384 37
9385 37
9386 37
9387 37
9388 37
9389 37
9390 37
9391 37
9392 37
9393 37
9394 37
9395 37
9396 37
9397 37
9398 37
9399 37
9400 37
9401 37
9402 37
9403 37
9404 37
9405 37
9406 37
9407 37
9408 37
9409 37
9410 37
9411 37
9412 37
9413 37
9414 37
9415 37
9416 37
9417 37
9418 37
9419 37
9420 37
9421 37
9422 37
9423 37
9424 37
9425 37
9426 37
9427 37
9428 37
9429 37
9430 37
9431 37
9432 37
9433 37
9434 37
9435 37
9436 37
9437 37
9438 37
9439 37
9440 37
9441 37
9442 37
9443 37
9444 37
9445 37
9446 37
9447 37
9448 37
9449 37
9450 37
9451 37
9452 37
9453 37
9454 37
9455 37
9456 37
9457 37
9458 37
9459 37
9460 37
9461 37
9462 37
9463 37
9464 37
9465 37
9466 37
9467 37
9468 37
9469 37
9470 37
9471 37
9472 37
9473 37
9474 37
9475 37
9476 37
9477 37
9478 37
9479 37
9480 37
9481 37
9482 37
9483 37
9484 37
9485 37
9486 37
9487 37
9488 37
9489 37
9490 37
9491 37
9492 37
9493 37
9494 37
9495 37
9496 37
9497 37
9498 37
9499 37
9500 37
9501 37
9502 37
9503 37
9504 37
9505 37
9506 37
9507 37
9508 37
9509 37
9510 37
9511 37
9512 37
9513 37
9514 37
9515 37
9516 37
9517 38
9518 38
9519 38
9520 38
9521 38
9522 38
9523 38
9524 38
9525 38
9526 38
9527 38
9528 38
9529 38
9530 38
9531 38
9532 38
9533 38
9534 38
9535 38
9536 38
9537 38
9538 38
9539 38
9540 38
9541 38
9542 38
9543 38
9544 38
9545 38
9546 38
9547 38
9548 38
9549 38
9550 38
9551 38
9552 38
9553 38
9554 38
9555 38
9556 38
9557 38
9558 38
9559 38
9560 38
9561 38
9562 38
9563 38
9564 38
9565 38
9566 38
9567 38
9568 38
9569 38
9570 38
9571 38
9572 38
9573 38
9574 38
9575 38
9576 38
9577 38
9578 38
9579 38
9580 38
9581 38
9582 38
9583 38
9584 38
9585 38
9586 38
9587 38
9588 38
9589 38
9590 38
9591 38
9592 38
9593 38
9594 38
9595 38
9596 38
9597 38
9598 38
9599 38
9600 38
9601 38
9602 38
9603 38
9604 38
9605 38
9606 38
9607 38
9608 38
9609 38
9610 38
9611 38
9612 38
9613 38
9614 38
9615 38
9616 38
9617 38
9618 38
9619 38
9620 38
9621 38
9622 38
9623 38
9624 38
9625 38
9626 38
9627 39
9628 39
9629 39
9630 39
9631 39
9632 39
9633 39
9634 39
9635 39
9636 39
9637 39
9638 39
9639 39
9640 39
9641 39
9642 39
9643 39
9644 39
9645 39
9646 39
9647 39
9648 39
9649 39
9650 39
9651 39
9652 39
9653 39
9654 39
9655 39
9656 39
9657 39
9658 39
9659 39
9660 39
9661 39
9662 39
9663 39
9664 39
9665 39
9666 39
9667 39
9668 39
9669 39
9670 39
9671 39
9672 39
9673 39
9674 39
9675 39
9676 39
9677 39
9678 39
9679 39
9680 39
9681 39
9682 39
9683 39
9684 39
9685 39
9686 39
9687 39
9688 39
9689 39
9690 39
9691 39
9692 39
9693 39
9694 39
9695 39
9696 39
9697 39
9698 39
9699 39
9700 39
9701 39
9702 39
9703 39
9704 39
9705 39
9706 39
9707 39
9708 39
9709 39
9710 39
9711 39
9712 39
9713 39
9714 39
9715 39
9716 39
9717 39
9718 39
9719 39
9720 39
9721 39
9722 39
9723 39
9724 39
9725 39
9726 39
9727 39
9728 39
9729 39
9730 39
9731 39
9732 39
9733 39
9734 39
9735 39
9736 39
9737 39
9738 39
9739 39
9740 39
9741 39
9742 39
9743 40
9744 40
9745 40
9746 40
9747 40
9748 40
9749 40
9750 40
9751 40
9752 40
9753 40
9754 40
9755 40
9756 40
9757 40
9758 40
9759 40
9760 40
9761 40
9762 40
9763 40
9764 40
9765 40
9766 40
9767 40
9768 40
9769 40
9770 40
9771 40
9772 40
9773 40
9774 40
9775 40
9776 40
9777 40
9778 40
9779 40
9780 40
9781 40
9782 40
9783 40
9784 40
9785 40
9786 40
9787 40
9788 40
9789 40
9790 40
9791 40
9792 40
9793 40
9794 40
9795 40
9796 40
9797 40
9798 40
9799 40
9800 40
9801 40
9802 40
9803 40
9804 40
9805 40
9806 40
9807 40
9808 40
9809 40
9810 40
9811 40
9812 40
9813 40
9814 40
9815 40
9816 40
9817 40
9818 40
9819 40
9820 40
9821 41
9822 41
9823 41
9824 41
9825 41
9826 41
9827 41
9828 41
9829 41
9830 41
9831 41
9832 41
9833 41
9834 41
9835 41
9836 41
9837 41
9838 41
9839 41
9840 41
9841 41
9842 41
9843 41
9844 41
9845 41
9846 41
9847 41
9848 41
9849 41
9850 41
9851 41
9852 41
9853 41
9854 41
9855 41
9856 41
9857 41
9858 41
9859 41
9860 41
9861 41
9862 41
9863 41
9864 41
9865 41
9866 41
9867 41
9868 41
9869 41
9870 41
9871 41
9872 41
9873 41
9874 41
9875 41
9876 41
9877 41
9878 41
9879 41
9880 41
9881 41
9882 41
9883 41
9884 41
9885 41
9886 41
9887 41
9888 41
9889 41
9890 41
9891 41
9892 41
9893 41
9894 41
9895 41
9896 41
9897 41
9898 41
9899 41
9900 41
9901 41
9902 41
9903 41
9904 41
9905 41
9906 41
9907 41
9908 41
9909 41
9910 41
9911 41
9912 41
9913 42
9914 42
9915 42
9916 42
9917 42
9918 42
9919 42
9920 42
9921 42
9922 42
9923 42
9924 42
9925 42
9926 42
9927 42
9928 42
9929 42
9930 42
9931 42
9932 42
9933 42
9934 42
9935 42
9936 42
9937 42
9938 42
9939 42
9940 42
9941 42
9942 42
9943 42
9944 42
9945 42
9946 42
9947 42
9948 42
9949 42
9950 42
9951 42
9952 42
9953 42
9954 42
9955 42
9956 42
9957 42
9958 42
9959 42
9960 42
9961 42
9962 42
9963 42
9964 42
9965 42
9966 42
9967 42
9968 42
9969 42
9970 42
9971 42
9972 42
9973 42
9974 42
9975 42
9976 42
9977 42
9978 42
9979 42
9980 42
9981 42
9982 42
9983 42
9984 42
9985 42
9986 42
9987 42
9988 42
9989 42
9990 42
9991 42
9992 42
9993 42
9994 42
9995 42
9996 42
9997 42
9998 42
9999 42
10000 42
10001 42
10002 42
10003 42
10004 42
10005 42
10006 42
10007 42
10008 42
10009 42
10010 42
10011 42
10012 42
10013 42
10014 42
10015 42
10016 42
10017 42
10018 42
10019 42
10020 42
10021 42
10022 42
10023 42
10024 42
10025 42
10026 42
10027 42
10028 42
10029 42
10030 42
10031 42
10032 42
10033 42
10034 42
10035 42
10036 42
10037 42
10038 42
10039 42
10040 42
10041 42
10042 42
10043 42
10044 42
10045 42
10046 42
10047 42
10048 42
10049 42
10050 42
10051 42
10052 42
10053 42
10054 42
10055 42
10056 42
10057 42
10058 42
10059 42
10060 42
10061 42
10062 42
10063 42
10064 42
10065 42
10066 42
10067 42
10068 42
10069 42
10070 42
10071 42
10072 42
10073 42
10074 42
10075 42
10076 42
10077 42
10078 42
10079 42
10080 42
10081 42
10082 42
10083 42
10084 42
10085 42
10086 42
10087 42
10088 42
10089 42
10090 42
10091 42
10092 42
10093 42
10094 42
10095 42
10096 42
10097 42
10098 42
10099 42
10100 42
10101 42
10102 42
10103 42
10104 42
10105 42
10106 42
10107 42
10108 42
10109 42
10110 42
10111 42
10112 42
10113 42
10114 42
10115 42
10116 42
10117 42
10118 42
10119 42
10120 42
10121 42
10122 42
10123 42
10124 42
10125 42
10126 42
10127 42
10128 42
10129 42
10130 42
10131 42
10132 42
10133 42
10134 42
10135 42
10136 42
10137 42
10138 42
10139 42
10140 42
10141 42
10142 42
10143 42
10144 42
10145 42
10146 42
10147 42
10148 42
10149 42
10150 42
10151 42
10152 42
10153 42
10154 42
10155 42
10156 42
10157 42
10158 42
10159 42
10160 42
10161 42
10162 42
10163 42
10164 42
10165 42
10166 42
10167 42
10168 42
10169 42
10170 42
10171 42
10172 42
10173 42
10174 42
10175 42
10176 42
10177 42
10178 42
10179 42
10180 42
10181 42
10182 42
10183 42
10184 42
10185 42
10186 42
10187 42
10188 42
10189 42
10190 42
10191 42
10192 42
10193 42
10194 42
10195 42
10196 42
10197 42
10198 42
10199 42
10200 42
10201 42
10202 42
10203 42
10204 42
10205 42
10206 42
10207 42
10208 42
10209 42
10210 42
10211 42
10212 42
10213 42
10214 42
10215 42
10216 42
10217 42
10218 42
10219 42
10220 42
10221 42
10222 42
10223 42
10224 42
10225 42
10226 42
10227 42
10228 42
10229 42
10230 42
10231 42
10232 42
10233 42
10234 42
10235 42
10236 42
10237 42
10238 42
10239 42
10240 42
10241 42
10242 42
10243 42
10244 42
10245 42
10246 42
10247 42
10248 42
10249 42
10250 42
10251 42
10252 42
10253 42
10254 42
10255 42
10256 42
10257 42
10258 42
10259 42
10260 42
10261 42
10262 42
10263 42
10264 42
10265 42
10266 42
10267 42
10268 42
10269 42
10270 42
10271 42
10272 42
10273 42
10274 42
10275 42
10276 42
10277 43
10278 43
10279 43
10280 43
10281 43
10282 43
10283 43
10284 43
10285 43
10286 43
10287 43
10288 43
10289 43
10290 43
10291 43
10292 43
10293 43
10294 43
10295 43
10296 43
10297 43
10298 43
10299 43
10300 43
10301 43
10302 43
10303 43
10304 43
10305 43
10306 43
10307 43
10308 43
10309 43
10310 43
10311 43
10312 43
10313 43
10314 43
10315 43
10316 43
10317 43
10318 43
10319 43
10320 43
10321 43
10322 43
10323 43
10324 43
10325 43
10326 43
10327 43
10328 43
10329 43
10330 43
10331 43
10332 43
10333 43
10334 43
10335 43
10336 43
10337 43
10338 43
10339 43
10340 43
10341 43
10342 43
10343 43
10344 43
10345 43
10346 43
10347 43
10348 43
10349 43
10350 43
10351 43
10352 43
10353 43
10354 43
10355 43
10356 43
10357 43
10358 43
10359 43
10360 43
10361 43
10362 43
10363 43
10364 43
10365 43
10366 43
10367 43
10368 43
10369 43
10370 43
10371 43
10372 43
10373 43
10374 43
10375 43
10376 43
10377 43
10378 43
10379 43
10380 43
10381 43
10382 43
10383 43
10384 43
10385 43
10386 43
10387 43
10388 43
10389 43
10390 43
10391 43
10392 43
10393 43
10394 43
10395 43
10396 43
10397 43
10398 43
10399 43
10400 43
10401 43
10402 43
10403 43
10404 43
10405 43
10406 43
10407 43
10408 43
10409 43
10410 43
10411 43
10412 43
10413 43
10414 43
10415 43
10416 43
10417 43
10418 43
10419 43
10420 43
10421 43
10422 43
10423 43
10424 43
10425 43
10426 43
10427 43
10428 43
10429 43
10430 43
10431 43
10432 43
10433 43
10434 43
10435 43
10436 43
10437 43
10438 43
10439 43
10440 43
10441 43
10442 43
10443 43
10444 43
10445 44
10446 44
10447 44
10448 44
10449 44
10450 44
10451 44
10452 44
10453 44
10454 44
10455 44
10456 44
10457 44
10458 44
10459 44
10460 44
10461 44
10462 44
10463 44
10464 44
10465 44
10466 44
10467 44
10468 44
10469 44
10470 44
10471 44
10472 44
10473 44
10474 44
10475 44
10476 44
10477 44
10478 44
10479 44
10480 44
10481 44
10482 44
10483 44
10484 44
10485 44
10486 44
10487 44
10488 44
10489 44
10490 44
10491 44
10492 44
10493 44
10494 44
10495 44
10496 44
10497 44
10498 44
10499 44
10500 44
10501 44
10502 44
10503 44
10504 44
10505 44
10506 44
10507 44
10508 44
10509 44
10510 44
10511 44
10512 44
10513 44
10514 44
10515 44
10516 44
10517 44
10518 44
10519 44
10520 44
10521 44
10522 44
10523 44
10524 44
10525 44
10526 44
10527 44
10528 44
10529 44
10530 44
10531 44
10532 44
10533 44
10534 44
10535 44
10536 44
10537 44
10538 44
10539 44
10540 44
10541 44
10542 44
10543 44
10544 44
10545 44
10546 44
10547 44
10548 44
10549 44
10550 44
10551 44
10552 44
10553 44
10554 44
10555 44
10556 44
10557 44
10558 44
10559 44
10560 44
10561 44
10562 44
10563 44
10564 44
10565 44
10566 44
10567 44
10568 44
10569 44
10570 44
10571 44
10572 44
10573 44
10574 44
10575 44
10576 44
10577 44
10578 44
10579 44
10580 44
10581 44
10582 44
10583 44
10584 44
10585 44
10586 44
10587 44
10588 44
10589 44
10590 44
10591 44
10592 44
10593 44
10594 44
10595 44
10596 44
10597 44
10598 44
10599 44
10600 44
10601 44
10602 44
10603 44
10604 44
10605 44
10606 44
10607 44
10608 44
10609 44
10610 44
10611 44
10612 44
10613 44
10614 44
10615 44
10616 44
10617 44
10618 44
10619 44
10620 44
10621 44
10622 44
10623 44
10624 44
10625 44
10626 44
10627 44
10628 44
10629 44
10630 44
10631 44
10632 44
10633 44
10634 44
10635 44
10636 44
10637 44
10638 44
10639 44
10640 44
10641 44
10642 44
10643 44
10644 44
10645 44
10646 44
10647 44
10648 44
10649 44
10650 44
10651 44
10652 44
10653 44
10654 44
10655 44
10656 44
10657 44
10658 44
10659 44
10660 44
10661 44
10662 44
10663 44
10664 44
10665 44
10666 44
10667 44
10668 44
10669 44
10670 44
10671 44
10672 44
10673 44
10674 44
10675 44
10676 44
10677 44
10678 44
10679 44
10680 44
10681 44
10682 44
10683 44
10684 44
10685 44
10686 44
10687 44
10688 44
10689 44
10690 44
10691 44
10692 44
10693 44
10694 44
10695 44
10696 44
10697 44
10698 44
10699 44
10700 44
10701 44
10702 44
10703 44
10704 44
10705 44
10706 44
10707 44
10708 44
10709 44
10710 44
10711 44
10712 44
10713 44
10714 44
10715 44
10716 44
10717 44
10718 44
10719 44
10720 44
10721 44
10722 44
10723 44
10724 44
10725 44
10726 44
10727 44
10728 44
10729 44
10730 44
10731 44
10732 44
10733 44
10734 44
10735 44
10736 44
10737 44
10738 44
10739 44
10740 44
10741 44
10742 44
10743 44
10744 44
10745 44
10746 44
10747 44
10748 44
10749 44
10750 44
10751 44
10752 44
10753 44
10754 44
10755 44
10756 44
10757 44
10758 44
10759 44
10760 44
10761 44
10762 44
10763 44
10764 44
10765 44
10766 44
10767 44
10768 44
10769 44
10770 44
10771 44
10772 44
10773 44
10774 44
10775 44
10776 44
10777 44
10778 44
10779 44
10780 44
10781 44
10782 44
10783 44
10784 44
10785 44
10786 44
10787 44
10788 44
10789 44
10790 44
10791 44
10792 44
10793 44
10794 44
10795 44
10796 44
10797 44
10798 44
10799 44
10800 44
10801 44
10802 44
10803 45
10804 45
10805 45
10806 45
10807 45
10808 45
10809 45
10810 45
10811 45
10812 45
10813 45
10814 45
10815 45
10816 45
10817 45
10818 45
10819 45
10820 45
10821 45
10822 45
10823 45
10824 45
10825 45
10826 45
10827 45
10828 45
10829 45
10830 45
10831 45
10832 45
10833 45
10834 45
10835 45
10836 45
10837 45
10838 45
10839 45
10840 45
10841 45
10842 45
10843 45
10844 45
10845 45
10846 45
10847 45
10848 45
10849 45
10850 45
10851 45
10852 45
10853 45
10854 45
10855 45
10856 45
10857 45
10858 45
10859 45
10860 45
10861 45
10862 45
10863 45
10864 45
10865 45
10866 45
10867 45
10868 45
10869 45
10870 45
10871 45
10872 45
10873 45
10874 45
10875 45
10876 45
10877 45
10878 45
10879 45
10880 45
10881 45
10882 45
10883 45
10884 45
10885 45
10886 45
10887 45
10888 45
10889 45
10890 45
10891 45
10892 45
10893 45
10894 45
10895 45
10896 45
10897 45
10898 45
10899 45
10900 45
10901 45
10902 45
10903 45
10904 45
10905 45
10906 45
10907 45
10908 45
10909 45
10910 45
10911 45
10912 45
10913 45
10914 45
10915 45
10916 45
10917 45
10918 45
10919 45
10920 45
10921 45
10922 45
10923 45
10924 45
10925 45
10926 45
10927 45
10928 45
10929 45
10930 45
10931 45
10932 45
10933 45
10934 45
10935 45
10936 45
10937 45
10938 45
10939 45
10940 45
10941 45
10942 45
10943 45
10944 45
10945 45
10946 45
10947 45
10948 45
10949 45
10950 45
10951 45
10952 45
10953 45
10954 45
10955 45
10956 45
10957 45
10958 45
10959 45
10960 45
10961 45
10962 45
10963 45
10964 45
10965 45
10966 45
10967 45
10968 45
10969 45
10970 45
10971 45
10972 45
10973 45
10974 45
10975 45
10976 45
10977 45
10978 45
10979 45
10980 45
10981 45
10982 45
10983 45
10984 45
10985 45
10986 45
10987 45
10988 45
10989 45
10990 45
10991 45
10992 45
10993 45
10994 45
10995 46
10996 46
10997 46
10998 46
10999 46
11000 46
11001 46
11002 46
11003 46
11004 46
11005 46
11006 46
11007 46
11008 46
11009 46
11010 46
11011 46
11012 46
11013 46
11014 46
11015 46
11016 46
11017 46
11018 46
11019 46
11020 46
11021 46
11022 46
11023 46
11024 46
11025 46
11026 46
11027 46
11028 46
11029 46
11030 46
11031 46
11032 46
11033 46
11034 46
11035 46
11036 46
11037 46
11038 46
11039 46
11040 46
11041 46
11042 46
11043 46
11044 46
11045 46
11046 46
11047 46
11048 46
11049 46
11050 46
11051 46
11052 46
11053 46
11054 46
11055 46
11056 46
11057 46
11058 46
11059 46
11060 46
11061 46
11062 46
11063 46
11064 46
11065 46
11066 46
11067 46
11068 46
11069 46
11070 46
11071 46
11072 46
11073 46
11074 46
11075 46
11076 46
11077 46
11078 46
11079 46
11080 46
11081 46
11082 46
11083 46
11084 46
11085 46
11086 46
11087 46
11088 46
11089 46
11090 46
11091 46
11092 46
11093 46
11094 46
11095 46
11096 46
11097 46
11098 46
11099 46
11100 46
11101 46
11102 46
11103 46
11104 46
11105 46
11106 46
11107 46
11108 46
11109 46
11110 46
11111 46
11112 46
11113 46
11114 46
11115 46
11116 46
11117 46
11118 46
11119 46
11120 46
11121 46
11122 46
11123 46
11124 46
11125 46
11126 46
11127 47
11128 47
11129 47
11130 47
11131 47
11132 47
11133 47
11134 47
11135 47
11136 47
11137 47
11138 47
11139 47
11140 47
11141 47
11142 47
11143 47
11144 47
11145 47
11146 47
11147 47
11148 47
11149 47
11150 47
11151 47
11152 47
11153 47
11154 47
11155 47
11156 47
11157 47
11158 47
11159 47
11160 47
11161 47
11162 47
11163 47
11164 47
11165 47
11166 47
11167 47
11168 47
11169 47
11170 47
11171 47
11172 47
11173 47
11174 47
11175 47
11176 47
11177 47
11178 47
11179 47
11180 47
11181 47
11182 47
11183 47
11184 47
11185 47
11186 47
11187 47
11188 47
11189 47
11190 47
11191 47
11192 47
11193 47
11194 47
11195 47
11196 47
11197 47
11198 47
11199 47
11200 47
11201 47
11202 47
11203 47
11204 47
11205 47
11206 47
11207 47
11208 47
11209 47
11210 47
11211 47
11212 47
11213 47
11214 47
11215 47
11216 47
11217 47
11218 47
11219 47
11220 47
11221 47
11222 47
11223 47
11224 47
11225 47
11226 47
11227 47
11228 47
11229 47
11230 47
11231 47
11232 47
11233 47
11234 47
11235 47
11236 47
11237 47
11238 47
11239 47
11240 47
11241 47
11242 47
11243 47
11244 47
11245 47
11246 47
11247 47
11248 47
11249 47
11250 47
11251 47
11252 47
11253 47
11254 47
11255 47
11256 47
11257 47
11258 47
11259 47
11260 47
11261 47
11262 47
11263 47
11264 47
11265 47
11266 47
11267 47
11268 47
11269 47
11270 47
11271 47
11272 47
11273 47
11274 47
11275 47
11276 47
11277 47
11278 47
11279 47
11280 47
11281 47
11282 47
11283 47
11284 47
11285 47
11286 47
11287 47
11288 47
11289 47
11290 47
11291 47
11292 47
11293 47
11294 47
11295 47
11296 47
11297 47
11298 47
11299 47
11300 47
11301 47
11302 47
11303 47
11304 47
11305 47
11306 47
11307 47
11308 47
11309 47
11310 47
11311 47
11312 47
11313 47
11314 47
11315 47
11316 47
11317 47
11318 47
11319 47
11320 47
11321 47
11322 47
11323 47
11324 47
11325 47
11326 47
11327 47
11328 47
11329 47
11330 47
11331 47
11332 47
11333 47
11334 47
11335 47
11336 47
11337 47
11338 47
11339 47
11340 47
11341 47
11342 47
11343 47
11344 47
11345 47
11346 47
11347 47
11348 47
11349 47
11350 47
11351 48
11352 48
11353 48
11354 48
11355 48
11356 48
11357 48
11358 48
11359 48
11360 48
11361 48
11362 48
11363 48
11364 48
11365 48
11366 48
11367 48
11368 48
11369 48
11370 48
11371 48
11372 48
11373 48
11374 48
